0.0 0.0 0.0
0.46536005452763385 -0.003590758664325483 -0.007715933866135394
1.1727034748030598 -0.016158413989464625 -0.017765533346874973
2.0661838939684882 -0.04308910397190547 -0.030132209210115727
3.091986189525551 -0.08269992480781121 -0.038595303397912895
4.2044202164135624 -0.10503180549204505 -0.020072095040507054
5.359827073931257 -0.07305663321914495 0.027667321564073803
6.514547861377368 0.05025370481635143 0.10638484220427202
7.6390769297465955 0.3004426149719613 0.2189177002212085
8.7605216368175 0.707114677813423 0.34788390866644575
