0.21766499614986287 -0.25368417547828875 0.04525009409783802
0.5673383196482227 0.4891329597627096 0.019887565972858443
2.0844247182230635 0.5128812743132052 0.01761061432757374
3.1104737415461283 1.2168200735137056 -0.024752330096121468
4.83632424393371 1.2003183629923724 0.026997159311427668
5.455767847799859 1.4569688222726902 0.040468304634230144
6.340628854333254 1.6357030931728507 0.11581550122254852
7.635517557183703 2.1906882816567848 0.1822369316413435
8.615212466702586 2.0785361330129413 0.2870664868098563
9.770221452317458 2.7644784964882767 0.4325528304844333
10.702566253693401 3.171080034152679 0.5476882255873955
11.705839209132298 4.0087676778812735 0.6455701197140703
13.039108732661854 4.742634257173063 0.7659974733279065
13.663971261271705 6.225308371682766 0.8162311647162637
14.512875106576466 7.030276901120501 1.0270233478981874
14.847411932650079 7.959664662552337 1.421320057541182
14.346553481942507 8.315702417701305 2.1131350767371067
13.2508915397911 8.862971239116641 2.6219171438052578
11.984999973091432 9.339990995318415 2.71305019336828
10.016938636113974 10.514600253254962 2.7848206683588246
7.691239102581957 11.013304932273295 2.802029775284617
5.326925293847679 11.557593487619323 2.776794487156633
2.105608720111882 12.21046512850198 2.813255664241442
-0.05020831230025635 12.178119033260078 2.778246231813358
-1.154990311463558 12.6811478786673 2.813903304673148
-2.1856135514951935 12.576077270487936 2.7945946840017246
-2.6491889230211054 12.90916922794016 2.718593938409614
-3.488157207492014 13.800227710971578 2.6576999526151925
-4.54524892431209 14.890048955294782 2.6609334846000907
-6.189453355600442 16.637761875422505 2.6390819157258005
-7.84651049753672 17.042459688305055 2.6838162659719527
-9.77129076277672 16.843508841793714 2.741306711019977
-11.150650637331562 16.727009602142495 2.9810951671891344
-11.801956863196267 15.894232082444624 -2.95657711048417
-13.675810082875216 15.722698576089257 -2.583275540450117
-14.697902316448548 14.791167077600072 -2.2321518791495563
-15.904271017389132 13.2603232150195 -2.0147314802566645
-16.305522583240077 11.160764633964623 -1.9688498669391243
-16.688364927545408 10.164781858573907 -1.9099182056754989
-17.059116570321553 8.6834893926059 -1.8917122028565077
-17.163877176301728 6.341666738651433 -1.830558632956019
-17.42908108522172 5.3873909793007035 -1.816879809707794
-17.165133932136214 3.7861311844468775 -1.7942762384206083
-17.88234411142605 2.1000669965420977 -1.6821009915904779
-18.409660609926807 1.238528638439874 -1.676846494323769
-18.761085386341325 -0.022553309854132397 -1.659812582796338
-19.114315352511124 -1.517786797913712 -1.5512312531187338
-18.016564459073784 -3.2435614690178394 -1.4228254342324185
-17.26970218794864 -5.351074051816098 -1.2072984026033768
-15.79319967095126 -6.955662792638269 -0.9638166701266377
-14.309350532603316 -8.35376864100316 -0.7668498945195099
-12.473672888849825 -9.695384095637001 -0.6219848496634609
-10.612609609776674 -10.952176686295026 -0.5316916590493587
-8.297868542791866 -12.740867065767812 -0.47456814226831834
-5.676254100254724 -13.354591691542423 -0.46015310989957814
-3.0578045823959394 -14.768045220216342 -0.37035162124967935
-0.4574271446079292 -15.739759724524106 -0.2866748613624082
1.5953254210775785 -15.835956684256018 -0.06522327203453608
3.3086580641400474 -15.835564602280275 0.17133918150388663
4.474266094190877 -15.108811646265645 0.29598390472156433
6.4670775816937836 -14.477929628324052 0.49118614993820253
7.449999762586357 -14.03893418728131 0.7607436294907898
8.69212935754323 -12.869336402444654 0.9801183954777837
9.62709039656471 -11.336074687910594 1.159421418509008
9.830434803713814 -9.781796422238799 1.2815926279507905
9.851349230168658 -7.27460310245616 1.4451453677776747
9.746996723646976 -5.348896143230531 1.6630464484251575
8.883231751118192 -3.8316349290745535 2.0132726235346574
7.041231978779146 -2.877963555879635 2.4651888995742857
4.814958452035029 -2.2106970962121646 2.7054836713830457
2.015733762368375 -1.6903676811594606 2.890687658867605
-0.9575449456011524 -0.41390160550424104 2.8827126618825303
-3.723671129382347 0.8219462313431682 2.8684489001032465
-6.4167158172134195 1.1438113883242782 2.8038755930519352
-7.602572011576358 1.4301095266807757 2.809243143429359
-7.62815914124583 2.132007967811111 2.7765868033007117
