0.0 0.0 0.0
0.27993099026149715 -0.02980009148002059 -0.14523299999999995
0.5983559746625793 -0.07753319553968296 -0.14355499999999988
0.6977029700469229 -0.09165722800577479 -0.133046
0.9095879555832963 -0.1359162972487091 -0.47585399999999994
0.907286956015973 -0.1345922964967541 -0.5395349999999999
0.8942459591061462 -0.12513629223502234 -0.698013
0.8936689589679119 -0.12555929204646168 -0.9226999999999999
0.89987695571042 -0.13552729407520386 -1.148025
0.8992059567434187 -0.13236629385592466 -1.4256739999999999
0.8989559574084465 -0.13033129377422606 -1.6266863071795863
0.8931429486297553 -0.1571942918745659 -1.8787023071795865
0.8264039101911628 -0.27481727006459505 -2.260808307179586
0.7608168869276181 -0.34600424863109436 -2.383345307179586
0.4893298049021134 -0.5970041599105148 -2.3474043071795863
0.41708477941146177 -0.6750061363012133 -2.3013743071795867
0.270159723499804 -0.846097088286864 -2.2540853071795866
0.08997063994783562 -1.101768029402005 -2.097285307179586
-0.02952544729005562 -1.3687179903513078 -1.9463793071795863
-0.12848353118156824 -1.6254279580123245 -1.9131653071795862
-0.19134959451441585 -1.8192279374680262 -1.8782833071795866
-0.18772559063862854 -1.8073679386523316 -1.871550307179586
-0.19803861552732732 -1.8835279352820917 -1.484101
-0.19449062277890627 -1.9057179364415588 -1.2751769999999998
-0.19856261964821095 -1.8961379351108505 -0.9939519999999997
-0.19629962045539442 -1.8986079358503871 -0.6885640000000001
-0.19529162069395478 -1.8993379361797964 -0.47901099999999985
-0.19731162054362902 -1.8988779355196708 -0.15006799999999987
-0.20263962051748516 -1.8987979337785075 0.10551500000000003
-0.19968762024624553 -1.8979679347432064 0.3486910000000001
-0.18342261725934103 -1.8888279400585257 0.5773730000000001
-0.10101859091640883 -1.8082179669877367 0.9384680000000001
0.07079351493898488 -1.4842980231350387 1.12511
0.17263257922280353 -1.2875880564155144 1.0555400000000001
0.20448059757560325 -1.2314280668232815 1.0595340000000002
0.31008766807832855 -1.0156881013351216 1.006567
0.3135216680489168 -1.0157781024573354 1.2337760000000002
0.31285766741493476 -1.0177181022403432 1.314065
0.3143676711469324 -1.0062981027338043 1.561031
0.3145386717809145 -1.0043581027896864 1.774156
0.3079936766439497 -0.9894771006508146 2.028057
0.23512171006788204 -0.8871990768366222 2.314327
0.04679376710503936 -0.7126640152920023 2.4219410000000003
-0.13543417905222374 -0.5479039557408307 2.39777
-0.23105215126027348 -0.46285992449336083 2.439386
-0.49358308721761 -0.2668878386995803 2.563394
-0.5927010669236416 -0.2047878063083271 2.60921
-0.7254600441630236 -0.13513976292336716 2.727551
-0.8324510307209634 -0.09400672795925655 2.8242260000000003
-0.9105990219654703 -0.06721470242089041 2.741416
-0.9317520186540564 -0.05708169550819851 2.60858
-0.9312740186909843 -0.05719469566440647 2.374439
-0.9350070172374003 -0.05274669444448136 2.093635
-0.9356870168099527 -0.05143869422226089 1.7241330000000001
-0.9356400172057012 -0.0526496942376202 1.414323
-0.9360860177377234 -0.054277694091869576 1.121958
-0.9357350175266139 -0.05363169420657462 1.052387
-0.9296680146968972 -0.04497269618923972 0.8718400000000002
-0.9117680092636061 -0.02834670203886926 0.6694340000000001
-0.8257169948169888 0.01586026984010074 0.27722900000000017
-0.6475899889660626 0.03376421162910524 -0.010089000000000015
-0.3393719861232902 0.04246311090503536 0.06999400000000011
-0.1433409833223416 0.05103404684310454 0.00924999999999998
-0.036227983699795414 0.04987901183912285 -0.028588999999999972
0.3010210107757188 0.032973901627871685 -0.045401000000000025
0.4540540086371649 0.026429851617468633 -0.04077599999999992
0.6864180052097277 0.015941775682099858 -0.059275999999999884
0.9914249971270931 -0.008791323992629831 -0.10005200000000003
1.2363969878529677 -0.03717040404822771 -0.12316700000000003
1.5382769738095943 -0.08014350270106878 -0.1584779999999999
1.842666952205821 -0.14625160217416383 -0.2627249999999999
2.046676932134068 -0.20767166884358737 -0.35899099999999984
2.2832069079015596 -0.2818237461403803 -0.10782300000000002
2.4180869100842157 -0.27514479021847627 0.19673600000000005
2.6420269339206235 -0.2022048634009293 0.3699180000000002
2.7604469495541584 -0.15436590209998352 0.403972
2.887256967508917 -0.09942394354084727 0.40460099999999993
3.168237003639019 0.011134964636316781 0.31506800000000007
3.2882870150709516 0.04611692540458758 0.2530650000000001
3.453347026588175 0.08135987146382008 0.16352200000000017
3.6362670329564177 0.10084681168649658 0.046030000000000015
3.707177033436475 0.10231578851347037 0.0006289999999999907
4.027387025593381 0.07831568387047785 -0.1456519999999999
4.105597021696347 0.06639065831184962 -0.1557409999999999
4.289357011487919 0.03515259826002109 -0.16478199999999998
4.553106996031813 -0.012143487932130343 -0.16142499999999996
4.600946993599149 -0.0195875035659978 -0.13746099999999983
4.791756986681872 -0.04075456592173088 -0.09752499999999986
5.027836980228967 -0.060500643071469 -0.05821699999999997
5.100626979027992 -0.06417566685886932 -0.03489299999999984
5.303226978778636 -0.06493873306751531 0.02206600000000014
5.571146980540373 -0.05954782062240429 0.03173500000000007
5.629546981373044 -0.05699983970722638 0.06242199999999998
5.793386986689988 -0.0407298932493031 0.13346500000000017
6.075136997894463 -0.0064439853237670255 0.08197100000000002
6.164326999636602 -0.0011130144706041328 0.046030000000000015
6.327817000394431 0.001205932101698108 -0.015552999999999928
6.598926996060461 -0.012056156495665585 -0.06746699999999994
6.715876993422567 -0.020128194714328303 -0.06452999999999998
6.828036991176173 -0.027002231367643532 -0.05275299999999983
7.100546987379128 -0.03862132042252017 -0.02627199999999985
7.230736986695466 -0.04071336296794764 -0.006093999999999822
7.359126986373241 -0.04169940492514435 -0.00525500000000001
7.632836985309509 -0.0449544943721753 -0.0067229999999998125
7.763016985011137 -0.04586753691433489 -0.0035760000000000236
7.910816984827144 -0.046430585214620575 -0.0039959999999998885
8.156556984506219 -0.04741266552119839 0.002527000000000168
8.310116984737908 -0.04670371570382274 0.00336599999999998
8.457146984451628 -0.047579763752476335 -0.010089000000000015
8.739646983463711 -0.05060285607203444 -0.008200999999999903
8.889266983014034 -0.05197890496708679 -0.0063029999999999475
9.050717983697353 -0.04988795772844974 0.0512840000000001
9.358276996267175 -0.01142405823716338 0.16142500000000015
9.434346000157664 0.00048091690387499917 0.15427200000000021
9.6541570110311 0.033753845070760215 0.14166600000000007
9.906847019753567 0.06044476249295639 0.04477100000000012
9.954797020131668 0.06160174682314104 0.009878999999999971
10.183227018974149 0.058059672173383 -0.019968999999999907
10.435026018066953 0.055283589886755004 -0.00020999999999982144
10.480427018067932 0.055286575049939904 0.00336599999999998
10.68172801768557 0.0541165092658005 -0.010508999999999878
10.954027016876411 0.0516404202798771 -0.00525500000000001
11.005027016779676 0.05134440361333739 -0.0020979999999999333
11.212727016747639 0.051246335738037385 0.007141999999999982
11.477727017473438 0.05346724913738968 0.013875000000000082
11.527227017664936 0.05405323296104228 0.01218600000000003
11.742427018233547 0.05579316263478045 0.009878999999999971
11.999327019110323 0.058476078681171384 0.007991000000000081
12.049427019196923 0.05874106230874705 0.005464000000000135
12.252727019912593 0.060930995871344464 0.019758000000000164
12.50802702110865 0.06459091244060718 0.012826000000000004
12.568227021310932 0.06520989276755439 0.009878999999999971
12.756828021879544 0.06694983113371 0.008411000000000168
13.0305270222341 0.06803474169027357 -0.013245999999999869
13.114927021605999 0.06611271410878442 -0.02690099999999984
13.28352701893346 0.057934659011165276 -0.07482899999999981
13.528627010354427 0.03168257891373754 -0.10214999999999996
13.683128006492032 0.01986352842359986 -0.03888799999999981
13.804427006091046 0.01863648878370577 0.018080000000000096
14.083328008592973 0.02629239764028192 0.03615000000000012
14.204726010229228 0.031299357968034805 0.04812800000000018
14.350327012422015 0.03800931038637071 0.04791800000000013
14.623527016192558 0.04954722110600437 0.038888000000000034
14.748627017782738 0.05441318022396255 0.04245399999999999
14.892727019668662 0.060184133132817653 0.04119500000000009
15.150727022614706 0.06919904881973386 0.04266300000000012
15.297927024889189 0.07615900071552473 0.05170399999999997
15.426728026895377 0.08229795862401491 0.04119500000000009
15.703327030534876 0.09343486823287274 0.043513000000000135
15.842827032419496 0.09920182264498437 0.04266300000000012
15.977126034052157 0.10419777875675629 0.03447200000000006
16.235128036345593 0.11121569444301901 0.026901000000000064
16.359927037538384 0.11486565365934254 0.03405300000000011
16.498027038917122 0.1190846085289671 0.033633000000000024
16.752126042021008 0.12858252549071017 0.045819999999999965
16.901427044387976 0.1358254766999049 0.052962000000000176
17.043527046745467 0.14303943026234975 0.052962000000000176
17.322028050949672 0.1559043392496436 0.05423100000000013
17.45892605332285 0.16316629451207543 0.05044500000000007
17.59832705559014 0.1701042489565397 0.04707900000000009
17.907127060548586 0.18527714804227485 0.05338200000000004
17.96692806143779 0.1879981284996131 0.04372200000000004
18.16222706400704 0.19586006467689615 0.03719899999999998
18.422828066916157 0.20476197951381883 0.03236499999999998
18.475227067397846 0.20623596239009298 0.02816900000000011
18.693526069374947 0.21228589105109355 0.035521000000000136
18.951827073354966 0.22446480663964433 0.05548900000000012
18.99282807413895 0.22686379324072667 0.06683700000000004
19.224027082207826 0.251554717686072 0.1591070000000001
19.51982609995212 0.30585262102046556 0.18769600000000008
19.767127114392846 0.35004154020375844 0.16772800000000013
19.996827126982282 0.38856546513896867 0.16078500000000018
20.07892713129989 0.40177743830910695 0.15868800000000016
20.267526141370716 0.43259437667591466 0.17466
20.49042615624216 0.47810130383332977 0.2681990000000001
20.58882816625777 0.5087492716760567 0.3266250000000002
20.729125181713197 0.5560432258277107 0.32620599999999994
20.95652520633424 0.6313841515145471 0.31443900000000014
21.088828219840995 0.6727151082785997 0.2835420000000002
21.23892923261409 0.7118010592263568 0.23267700000000002
21.559226253013918 0.7742249545549286 0.15175500000000008
21.655227257418122 0.7877019231822909 0.13094800000000006
21.858728264257934 0.8086318566792016 0.07419900000000013
22.155328267828477 0.8195577597518348 0.006722000000000117
22.481427263335682 0.8058096531843464 -0.090592
22.67392825664651 0.7853405902760032 -0.11307800000000001
22.756726253497835 0.7757055632180399 -0.11602499999999982
23.009927241680916 0.7395454804732472 -0.17823699999999998
23.226228228446697 0.6990484097871865 -0.17928599999999986
23.265628226106188 0.6918863969114679 -0.17823699999999998
23.309125223499997 0.6839113826968707 -0.1694069999999999
23.433227208656312 0.6384893421409729 -0.5307149999999998
23.51252719004338 0.5815333162261406 -0.7316469999999997
23.57242717022882 0.5209002966511296 -0.8569209999999998
23.73702510068032 0.30808024286135455 -0.9161869999999998
23.821626064026674 0.19591921521418548 -0.9422479999999998
23.900527025249186 0.07725918942974772 -1.0252780000000001
23.988627967044394 -0.10084883936119997 -1.1820680000000001
24.007626950433085 -0.1516798455699735 -1.2423929999999999
24.04782789690735 -0.3154698587074464 -1.4496379999999998
24.05142888339601 -0.3568148598842326 -1.51227
24.04652482240563 -0.5434468582816205 -1.6578023071795862
24.042326807200187 -0.589975856909733 -1.6710383071795862
24.019125735558248 -0.8092018493277529 -1.6899573071795866
23.989226648557608 -1.075425839556898 -1.675663307179587
23.966427563443876 -1.3358758321062874 -1.6580123071795863
23.9425264716668 -1.6167158242955475 -1.6483423071795864
23.92812639152035 -1.8619658195896878 -1.6435073071795865
23.899525307556942 -2.118895810243013 -1.728625307179586
23.860827238541127 -2.330085797596693 -1.7628883071795862
23.852326223809214 -2.375165794818607 -1.7544773071795865
23.849526183865077 -2.4973957939035754 -1.433236
23.88572713834908 -2.6366758057338697 -1.192787
23.964125083300473 -2.805125831353927 -1.139405
24.074525998846866 -3.0635558674323966 -1.205193
24.094825980585565 -3.1194358740663297 -1.236719
24.141725928193804 -3.279755889393002 -1.3256229999999998
24.197625840733682 -3.547385907660822 -1.421259
24.206226819874367 -3.611215910471582 -1.452365
24.224725753463105 -3.81443591651695 -1.499444
24.235826679728373 -4.040065920144688 -1.5433759999999999
24.238126636692755 -4.1717559208963095 -1.557881
24.238626595781298 -4.2969459210597005 -1.582973307179586
24.2333255028441 -4.581335919327346 -1.5941113071795867
24.231025456638566 -4.722725918575709 -1.584861307179587
24.22972442057675 -4.833075918150543 -1.590116307179587
24.22712433844339 -5.084405917300863 -1.576670307179587
24.227424271009262 -5.290755917398891 -1.563764
24.227525250989807 -5.352015917431894 -1.565442
24.230025173245302 -5.5899159182488685 -1.550309
24.234424102899432 -5.805175919686428 -1.545474
24.235625084478002 -5.861545920078906 -1.5471619999999997
24.242826002740067 -6.111665922432143 -1.537493
24.25312493678305 -6.313495925797792 -1.479266
24.25892591836162 -6.369865927693525 -1.4431149999999997
24.300825837800144 -6.616385941386219 -1.387416
24.344322762310515 -6.847385955600804 -1.383
24.35542574320282 -6.905855959229205 -1.374809
24.41352564785714 -7.197615978215973 -1.3569390000000001
24.452023587501383 -7.382305990796913 -1.367877
24.466225564740117 -7.45195599543805 -1.368506
24.51072548788776 -7.68712600998041 -1.4040279999999998
24.53542341951573 -7.896346018051579 -1.4967169999999999
24.539223400754437 -7.953756019293397 -1.51206
24.550825320379232 -8.199706023084858 -1.5135290000000001
24.56252325267713 -8.406876026907693 -1.498605
24.567022234471388 -8.46258602837794 -1.477798
24.601624154998134 -8.705776039685684 -1.383849
24.643524081371243 -8.93107605337838 -1.382161
24.689122988459857 -9.215387068279883 -1.4481600000000001
24.71082490585297 -9.468166075371972 -1.505967
24.725823822762095 -9.722426080273557 -1.505118
24.741223735671255 -9.988926085306185 -1.506806
24.77222265643003 -10.231406095436483 -1.3729209999999998
24.811923574045032 -10.483506108410557 -1.439759
24.821223550123644 -10.556706111449746 -1.442905
24.847222490516586 -10.739105119946075 -1.400242
24.890624409438114 -10.987207134129614 -1.3848979999999997
24.911721373882827 -11.096007141024 -1.3668179999999999
24.92982234581147 -11.18190614693931 -1.348328
24.98612326466862 -11.430205165338176 -1.361354
25.017522204995544 -11.6128061755992 -1.4305089999999998
25.02492218672771 -11.668706178017478 -1.4441639999999998
25.046823108329285 -11.908607185174601 -1.496927
25.060123040715748 -12.115506189520962 -1.500493
25.081324952742232 -12.384707196449654 -1.488096
25.092522869017706 -12.64090620010909 -1.545264
25.103724786828465 -12.892407203769832 -1.505118
25.115522702777138 -13.149606207625345 -1.5234079999999999
25.136324618006874 -13.409005214423319 -1.4502669999999998
25.16352354091563 -13.6449062233118 -1.486838
25.167822520817744 -13.70640622471669 -1.506806
25.161423453367274 -13.912806222625516 -1.7122333071795863
25.119522385295898 -14.121106208932472 -1.8078693071795862
25.068724315492513 -14.334706192331934 -1.8007173071795866
25.05062328630973 -14.424006186416614 -1.7332503071795868
25.04032124487214 -14.550806183049966 -1.582344307179586
25.041323220133762 -14.626506183377412 -1.531819
25.050322181801047 -14.743805186318232 -1.44732
25.076921137912166 -14.878106195010643 -1.2688739999999998
25.08372313101712 -14.8992051972335 -1.2289369999999997
25.146822080330903 -15.054306217853922 -1.179132
25.199821030004482 -15.208306235173717 -1.2154919999999998
25.26062198438424 -15.347905255043168 -1.095053
25.27872297297877 -15.38280626095848 -1.0849639999999998
25.36232191435176 -15.562206288278196 -1.19888
25.395322881737304 -15.662007299062749 -1.2999800000000001
25.41672085216269 -15.752506306055501 -1.368926
25.44872278869912 -15.946706316513582 -1.447111
25.461921739189364 -16.09820732082694 -1.5072259999999997
25.4654217177843 -16.163707321970715 -1.5223589999999998
25.472220632752595 -16.42390632419258 -1.5412689999999998
25.480422565563565 -16.629506326872942 -1.517105
25.482221552524447 -16.669406327460845 -1.5295009999999998
25.475322485139337 -16.875606325206277 -1.7116043071795863
25.459720461838863 -16.94690632010762 -1.8696623071795868
25.396022413309495 -17.09540729929143 -2.047060307179587
25.29161934752602 -17.29670626517305 -2.0605053071795862
25.22932030782044 -17.418206244814048 -2.0338143071795867
25.190921281840573 -17.497705232265446 -2.017842307179587
25.097720220239417 -17.686206201807828 -2.056729307179586
25.076720207854216 -17.724105194945135 -2.0920313071795866
25.05992019507621 -17.763206189454976 -1.8324633071795857
25.055322186220398 -17.79030518795237 -1.5878083071795859
25.05602218445505 -17.79570718818113 -1.278753
25.076520172135208 -17.833406194879768 -0.9914350000000001
25.1665201407959 -17.9293052242913 -0.6730100000000002
25.408622090273393 -18.083905303408994 -0.5565669999999998
25.591620047626325 -18.214406363211797 -0.6683849999999998
25.653521031319254 -18.264306383440726 -0.6845680000000001
25.85022097772488 -18.428306447721273 -0.7041170000000002
25.97472093926112 -18.546006488407233 -0.8449339999999999
25.99701993030726 -18.57340549569443 -0.945195
26.021320917659974 -18.612106503635868 -1.06079
26.06282088246416 -18.719806517197856 -1.334453
26.06812187468644 -18.74360651893019 -1.3737599999999999
26.07752083641876 -18.86070652200173 -1.6317303071795861
26.06772080998105 -18.941606518799134 -1.7532193071795865
26.039320771681016 -19.058805509518155 -1.8381363071795864
26.024118752726913 -19.116805504550214 -1.820056307179586
25.973221678576504 -19.343707487917325 -1.766674307179587
25.947220613675363 -19.54230647942032 -1.6531773071795863
25.942520591551023 -19.610007477884377 -1.6329993071795867
25.935921542074926 -19.76140547572785 -1.6037813071795866
25.930721468480392 -19.98660647402851 -1.559349
25.939018418970964 -20.138106476739914 -1.479895
25.943521402532852 -20.188407478211474 -1.4761199999999999
25.97271933129189 -20.406406487753216 -1.369555
26.01732127818772 -20.568906502328915 -1.2295669999999999
26.033321264070178 -20.612106507557627 -1.204983
26.116518197240616 -20.816606534745972 -1.167564
26.198021120378126 -21.051807561380727 -1.315114
26.23472005077114 -21.264806573373757 -1.492512
26.23732003099972 -21.325307574223423 -1.565652
26.23071998397459 -21.469205572066567 -1.6195433071795862
26.232219917308104 -21.67320657255675 -1.589486307179586
26.217820864759485 -21.834006567851223 -1.7469153071795864
26.20471884250475 -21.902106563569554 -1.7813883071795866
26.166221786558122 -22.07330455098892 -1.7994583071795864
26.146619732374877 -22.239106544583077 -1.5614469999999998
26.147218722080183 -22.270608544778824 -1.5368629999999999
26.156718683093878 -22.389907547883368 -1.4246249999999998
26.191119626591362 -22.562806559125434 -1.341386
26.198621616133927 -22.594806561577048 -1.3336139999999999
26.236718574958097 -22.720805574026944 -1.212755
26.300719521069617 -22.885705594942138 -1.193416
26.351718463259267 -23.062606611608338 -1.4384899999999998
26.35632044521986 -23.117807613112248 -1.532658
26.351121391952947 -23.280805611413232 -1.6430883071795865
26.34021831107154 -23.528304607850174 -1.5861203071795862
26.33941727629991 -23.634706607588406 -1.5817143071795867
26.33931824362042 -23.734706607556046 -1.5589299999999997
26.348620170091564 -23.95970661059588 -1.4843099999999998
26.37071910885053 -24.14710561781771 -1.42063
26.377919093720255 -24.193404620170632 -1.4040279999999998
26.408019034209918 -24.37550763000715 -1.406545
26.442617952414135 -24.625804641313913 -1.4830519999999998
26.445019942576952 -24.65590664209887 -1.4950289999999997
26.447218889047623 -24.819707642817487 -1.630891307179587
26.42811881875437 -25.03480663657569 -1.6487623071795865
26.420818776630835 -25.163705634190084 -1.6205923071795862
26.418119758460712 -25.219306633308058 -1.628584307179587
26.411617694997467 -25.413505631183227 -1.559349
26.425518626108452 -25.624307635725994 -1.4561509999999998
26.437218595455416 -25.718106639549486 -1.434075
26.454819544475082 -25.874107645301397 -1.462034
26.478720480652367 -26.06940665311211 -1.432397
26.49901843097954 -26.221406659745387 -1.4305089999999998
26.50581941506463 -26.270106661967915 -1.4307189999999999
26.53411735290791 -26.460307671215546 -1.4254639999999998
26.556019282124463 -26.676906678372998 -1.504279
26.559316264640607 -26.730407679450437 -1.5103719999999998
26.567318208333848 -26.90270768206544 -1.5105819999999999
26.577318141080436 -27.10850468533338 -1.5423269999999998
26.58311808297565 -27.28630668722878 -1.525296
26.583420080296257 -27.294505687327472 -1.525506
26.596420007289623 -27.517907691575793 -1.5025999999999997
26.609317934643116 -27.740207695790783 -1.4965069999999998
26.613017917976908 -27.791206696999918 -1.4958779999999998
26.627516864056076 -27.95620570173811 -1.4643419999999998
26.659516788729523 -28.186706712195534 -1.375858
26.689416744840965 -28.321006721966693 -1.3348719999999998
26.71061871722647 -28.405507728895397 -1.307972
26.76811763908981 -28.64460774768576 -1.3802729999999999
26.795718570856007 -28.85340475670562 -1.4637129999999998
26.825717504516316 -29.056405766509126 -1.3907819999999997
26.873118433405747 -29.27400578199952 -1.296205
26.889315415628104 -29.328405787292613 -1.251853
26.95261636448437 -29.484906807979048 -1.1282670000000001
27.061019294648293 -29.698606843404587 -1.04251
27.18441723131544 -29.892406883730413 -0.9636849999999999
27.303218165662663 -30.093305922553963 -1.141083
27.32391815000886 -30.141206929318614 -1.186064
27.398118072558795 -30.37820595356678 -1.3327749999999998
27.424016031578386 -30.50360696203011 -1.40171
27.44821797249419 -30.684405969939192 -1.4691769999999997
27.47571788720007 -30.945407978926035 -1.433655
27.48731686023916 -31.027908982716525 -1.421259
27.520918794718092 -31.228404993697477 -1.3865759999999998
27.57101671828011 -31.462307010069235 -1.329618
27.586218698214903 -31.523707015037168 -1.3207879999999999
27.640217635438255 -31.715805032683758 -1.2732890000000001
27.71581656422931 -31.93370605738911 -1.199939
27.763216524458045 -32.05540707287918 -1.1938360000000001
27.811018483641035 -32.180308088500624 -1.218429
27.921217395929933 -32.44870612451309 -1.1101860000000001
27.957515372988276 -32.51890813637508 -1.0715179999999997
28.071714312171736 -32.70500817369472 -0.9796679999999998
28.235016236061853 -32.937906227060964 -0.938682
28.383817168283926 -33.145308275688365 -0.964744
28.545717077402585 -33.42340732859645 -1.0979999999999999
28.635517015671027 -33.61230735794261 -1.160631
28.760316900999015 -33.963206398726605 -1.2608929999999998
28.842415822632613 -34.20300942555612 -1.2089689999999997
28.951216748777615 -34.429007461111716 -1.002363
29.058116701293656 -34.574309496046084 -1.0540669999999999
29.081914677438284 -34.64730750382315 -1.395197
29.068415620836756 -34.820509499411735 -1.8385563071795865
29.03351758573931 -34.92790848800723 -1.9312453071795865
28.93151349067566 -35.21880545467283 -1.857266307179586
28.889714439825728 -35.374407441013126 -1.8101773071795864
28.8505163790739 -35.56030942820341 -1.7519603071795864
28.785315247115104 -35.96410640689604 -1.7187463071795863
28.73131613211533 -36.31600838924942 -1.7473353071795865
28.67681403326053 -36.61850637143843 -1.7599413071795864
28.654113994991867 -36.73560936402018 -1.7706693071795867
28.609813852117473 -37.172808349543146 -1.511431
28.670114727249462 -37.554907369249186 -1.3905719999999997
28.69551467555084 -37.713106377549764 -1.4092819999999997
28.712413628916874 -37.85580738307226 -1.5032299999999998
28.714914612707197 -37.90540938388958 -1.519832
28.715013614276792 -37.900606383921925 -1.6525383071795867
28.715515615158157 -37.89790938408598 -2.023305307179587
28.716116615518285 -37.896807384282376 -2.3259673071795866
28.717714615909784 -37.8956093848046 -2.582809307179587
28.719614616203902 -37.89470938542551 -3.0008653071795863
28.7171136162039 -37.8947093846082 2.9353059999999997
28.716116616334947 -37.894308384282375 2.7207090000000003
28.710615617446702 -37.89090638248469 2.370123
28.711813617021868 -37.892206382876175 2.032779
28.709114620027403 -37.883009381994164 1.687027
28.709114619930016 -37.88330738199416 1.4764240000000002
28.710014621008437 -37.88000738228828 1.133404
28.713514622544377 -37.87530738343206 0.7161910000000001
28.714513622773786 -37.87460538375853 0.4135310000000001
28.71511462283849 -37.87440738395493 0.05663800000000018
28.715114622773786 -37.87460538395493 -0.2771299999999999
28.718814622283592 -37.87610538516407 -0.5074999999999998
28.718214622445686 -37.875609384967994 -0.738909
28.715515623491754 -37.87240838408598 -1.0094159999999999
28.71441262440678 -37.86960838372552 -1.326372
28.714214625551215 -37.866106383660814 -1.638783307179587
28.71401462538782 -37.86660638359545 -1.8506533071795863
28.713714625060042 -37.86760938349742 -2.0585173071795873
28.717514626433886 -37.86340538473924 -2.5196573071795867
28.715814626172126 -37.86420638418369 -2.7275323071795863
28.68301462332836 -37.87290837346481 -2.9833243071795867
28.54841462571462 -37.865606329478226 2.9070270000000002
28.500614629864597 -37.85290731385743 2.833047
28.242113666564002 -37.740606229380624 2.6531219999999998
28.068515696987635 -37.64750917264969 2.6541810000000003
27.75371574162947 -37.51090406977467 2.878657
27.549413748982037 -37.48840500300982 3.13424
27.08661272845869 -37.55120685176881 -2.9074473071795865
26.773815696890647 -37.64780574954834 -2.7590583071795867
26.62601467453723 -37.716207701247725 -2.6606943071795865
26.360214621498432 -37.878507614385626 -2.5249113071795866
26.251415594440473 -37.961305578830675 -2.452820307179586
25.972414513689145 -38.20840648765456 -2.3977593071795864
25.835914471957445 -38.33610644304704 -2.387880307179586
25.723915438461624 -38.43860440644633 -2.4271783071795867
25.44781536872328 -38.65200531621826 -2.5543403071795865
24.973915293462117 -38.882306161350144 -2.768727307179586
24.54381524892032 -39.01860502079565 -2.8954703071795866
24.486015244279184 -39.0328070019069 -2.9129113071795865
24.2394142279071 -39.08290592131895 -2.9698693071795863
23.91531321081607 -39.13520481540439 -3.0005563071795867
23.55881519921487 -39.17070469890267 -3.0959823071795864
23.34301319558713 -39.18180562837968 -3.0549963071795867
23.237314191338804 -39.19480559383778 -2.977021307179587
22.986415170359233 -39.25900351184526 -2.8193823071795863
22.863515156241377 -39.302204471682174 -2.795418307179587
22.6121141196067 -39.4143073895256 -2.6169723071795867
22.46411308745009 -39.512707341159626 -2.4704813071795866
22.349113050947764 -39.6244053035782 -2.2502103071795863
22.218915978758453 -39.84530626103048 -1.9708723071795868
22.116013878203017 -40.15300822740261 -1.8573763071795863
22.07521382568773 -40.31370621406937 -1.7211733071795863
22.073414821636455 -40.32610321348147 -1.7018343071795867
22.074212822648537 -40.32300621374225 -2.1787473071795866
22.072413821995273 -40.32500521315435 -2.4816183071795868
22.072814822060305 -40.32480621328539 -2.6947473071795867
22.07141482192926 -40.32520721282788 -2.9032413071795866
22.030114820459666 -40.329704199331246 -3.1386463071795867
21.934712824805388 -40.31640616815436 2.852376
21.787713845917004 -40.251804120115835 2.6268510000000003
21.474812905066567 -40.070805017861396 2.7004210000000004
21.314812925588644 -40.00800696557422 2.8431360000000003
21.20851493464152 -39.98030493083658 2.9543160000000004
21.121611938039866 -39.96990590243712 3.08842
21.04761493781046 -39.97060787825529 -3.074965307179587
20.961812934607874 -39.98040785021563 -2.982905307179587
20.74551391826847 -40.03040677953021 -2.8631053071795867
20.436413888922957 -40.1202046785179 -2.850279307179586
20.120814856701653 -40.21880257538176 -2.8668813071795864
19.865412836668156 -40.28010549191768 -2.9330893071795865
19.74141482807411 -40.30640345139577 -2.9412903071795866
19.335814809316105 -40.36380331884776 -3.0768533071795865
18.928214804054072 -40.37990518564616 -3.1176293071795866
18.79801480264919 -40.384204143097456 -3.0970313071795865
18.557913795982262 -40.40460506463367 -3.0026633071795863
18.217913773499443 -40.473402953523404 -2.9158583071795863
17.886412747943773 -40.55160384519056 -2.9110233071795864
17.65991373091843 -40.60370177117185 -2.937714307179587
17.541712724185473 -40.62430473254437 -3.0152703071795863
17.29361271983977 -40.63760265146655 3.1323420000000004
17.21021372016657 -40.63660262421219 3.1252
16.897313720819522 -40.63460452195806 3.1298250000000003
16.765814721440442 -40.63270447898486 3.122043
16.529612720656473 -40.63510340179525 -3.080639307179587
16.295012710133687 -40.66730332512916 -2.9135403071795865
16.17031369862986 -40.70250528437816 -2.8216903071795865
15.871413659513182 -40.82220318669916 -2.7275323071795863
15.783713646408712 -40.86230315803925 -2.7044173071795865
15.631613622160863 -40.93650210833374 -2.6997923071795866
15.463213601931614 -40.99840405330148 -2.9490613071795866
15.38781359902347 -41.00730302866114 -3.1237323071795866
15.336813599677717 -41.005301011994604 3.0457460000000003
15.125614618010596 -40.94920194297585 2.794579
14.81691365278159 -40.84280184209394 2.845653
14.601013671735378 -40.78480277153893 2.9028210000000003
14.484414680297084 -40.758603733434974 2.9530570000000003
14.26371268859834 -40.73320166131069 3.123302
14.175513686832998 -40.7386036324877 -3.0070793071795863
14.091313681016379 -40.75640260497157 -2.8446053071795867
14.012112670951103 -40.78720257908908 -2.6819213071795867
13.93631365598292 -40.833005554318355 -2.5188183071795867
13.866813636506928 -40.892602531606116 -2.384933307179586
13.606013562651947 -41.11860044637799 -2.5097783071795865
13.53071454605077 -41.16940042177066 -2.6045753071795867
13.38121352667086 -41.22870337291449 -2.9751233071795866
13.245213523501938 -41.238400328470384 3.132762
13.053913530723463 -41.216302265954525 2.930361
12.877813546539365 -41.16790520840595 2.8105510000000002
12.61561458078781 -41.06310412272065 2.748758
12.48061359833801 -41.00940007860302 2.778816
12.256613623467244 -40.932504005400965 2.838721
11.961813648468373 -40.855999909061836 2.939392
11.593413664611083 -40.806602788670595 3.0779009999999998
11.390513666049646 -40.802200722363914 -3.1262493071795867
11.31381366529802 -40.80450069729874 -3.1052323071795866
11.07691366098336 -40.81770361988104 -3.0667643071795867
10.81741364889229 -40.854702535077756 -2.937924307179587
10.553612626213718 -40.92409944886893 -2.840190307179587
10.26821459056041 -41.033199355602314 -2.7245853071795865
10.011504551214319 -41.153599271710796 -2.7079833071795862
9.718573515494999 -41.26290117598243 -2.9288833071795866
9.324933505756205 -41.292702047342885 3.123512
8.980302508599992 -41.28399993471923 3.122883
8.811293508305559 -41.28490087948796 -3.1031343071795865
8.713633506344795 -41.29090084757316 -3.0552063071795863
8.404553494121702 -41.32830374656739 -2.9969893071795863
8.280333487520778 -41.34850270597293 -2.9768113071795868
8.099813478272164 -41.376803646979916 -3.0108543071795864
7.896253469677797 -41.40310258045755 -3.0381853071795866
7.703283468567032 -41.40650151739593 3.058782
7.627243471573876 -41.39730049254645 2.971767
7.432053487685528 -41.34799842875936 2.843556
7.334273497880226 -41.31680239680535 2.8225379999999998
7.029573527782957 -41.225299297230954 2.879916
6.93193353575643 -41.2009002653227 2.9026120000000004
6.862623541376326 -41.18370324267254 2.915857
6.750093545658325 -41.170600205898324 3.111745
6.5802435435678275 -41.17699715039221 -3.0438593071795865
6.430423536836187 -41.19759610143179 -2.970718307179587
6.26999352627974 -41.22989904900409 -2.8935823071795865
6.189253517782751 -41.25590002261867 -2.768307307179586
6.129413509254387 -41.28199700306326 -2.6808723071795866
6.080303500495633 -41.30879898701436 -2.606044307179586
6.082413500953146 -41.3073989877039 -2.5425723071795865
6.083213501084191 -41.30699798796533 -2.323140307179586
6.079773499449889 -41.31199898684116 -2.0593563071795864
6.078763498762967 -41.31410098651109 -1.7861233071795868
6.079093500593018 -41.30850098661894 -1.4243160000000001
6.077623502063923 -41.30399998613855 -1.0890689999999998
6.076893502390718 -41.302999985899994 -0.7964959999999999
6.07521350284823 -41.301599985350975 -0.574967
6.071773503404108 -41.2998989842268 -0.3532169999999999
6.069023503632211 -41.29920098332812 -0.0650599999999999
6.071273503729596 -41.2989029840634 0.314319
6.0715535037295965 -41.29890298415491 0.535649
6.066083502129936 -41.303797982367335 0.855963
6.0639835012139285 -41.306600981681065 1.1237370000000002
6.064333501868172 -41.30459898179545 1.488194
6.065043501084192 -41.30699798202747 1.9026750000000001
6.066233500167859 -41.30980198241636 2.110336
6.0666635000057685 -41.31029798255688 2.359823
6.068163499677993 -41.31130098304707 2.622345
6.070033499417537 -41.31209798365818 2.9109230000000004
6.073023499384859 -41.3121979846353 -2.9724963071795867
6.072943499351198 -41.312300984609145 -2.6597353071795866
6.068233498306761 -41.31549698306994 -2.4335813071795864
5.791103424222373 -41.54219689250527 -2.4848653071795863
5.6102433796469064 -41.678598833401125 -2.5086193071795866
5.465693345398481 -41.783399786162924 -2.5250113071795868
5.169443278667959 -41.98759668934992 -2.5878533071795866
4.858653225759882 -42.14949658778533 -2.7232163071795865
4.700253203046339 -42.219000536021014 -2.7427653071795866
4.558013184125249 -42.276899489537705 -2.774711307179586
4.2166231545179755 -42.36749837797319 -2.9882593071795864
3.8708031435700385 -42.40099926496097 -3.0584533071795863
3.6788231370988567 -42.42080120222289 -3.026508307179587
3.572733132492688 -42.43489616755322 -2.9834243071795865
3.2025331043873666 -42.520899046573746 -2.8583603071795864
3.0797330917080576 -42.55969800644333 -2.8033003071795863
2.929933071904295 -42.620297957489456 -2.7101813071795866
2.8334330552380873 -42.67129692595373 -2.5985823071795866
2.6511630194860816 -42.780698866388825 -2.632625307179586
2.410442985074592 -42.885998787722755 -2.8907353071795865
2.30924297785145 -42.90810175465111 -2.968081307179587
2.044862966382597 -42.94319666825307 -3.0349183071795864
1.8216229565777815 -42.973199595299384 -2.9836343071795866
1.6905129499771852 -42.9933975524533 -3.0008653071795863
1.433962936382531 -43.034997468614065 -2.962407307179587
1.2218929213172978 -43.08109739931067 -2.8989263071795865
1.1472329147810771 -43.10109837491216 -2.8621463071795863
0.8957488893897808 -43.178796292728464 -2.8365043071795863
0.7416238741934994 -43.2252972423612 -2.8512183071795865
0.6609218657625223 -43.2510962159882 -2.8117003071795863
0.3831248327895856 -43.35199412520555 -2.8081343071795866
0.20461081380215804 -43.410096066868086 -2.847432307179586
0.13206380680875113 -43.4314960431601 -2.870976307179587
-0.13117420691792767 -43.47349995713526 -3.0576143071795863
-0.44672121312603347 -43.49249685401611 -3.0895693071795867
-0.6559852189766312 -43.5103997856297 -3.0172583071795867
-0.7415832227998002 -43.52209875765671 -2.9911963071795866
-1.0111272402499798 -43.57549666957111 -2.8903153071795864
-1.1536272536825496 -43.61660062300283 -2.853735307179586
-1.2092872592050534 -43.63349960481342 -2.843017307179587
-1.4605372826352538 -43.7051965227062 -2.922051307179587
-1.6519972928975837 -43.73659946013805 -3.060770307179587
-1.7265572946939716 -43.742096435772226 -3.0670743071795865
-1.9372473037131723 -43.7696953669198 -2.9069173071795866
-2.06602731606732 -43.807499324835156 -2.8150673071795866
-2.18437732995577 -43.84999828615897 -2.7890053071795866
-2.4307773623731572 -43.94919620563671 -2.7225873071795865
-2.539797378419434 -43.99829817000952 -2.7379303071795866
-2.6894873981248315 -44.058597121091594 -2.7780773071795863
-2.8956874232543677 -44.13549405370648 -2.7742913071795865
-3.023377441915003 -44.19259601197804 -2.6845383071795865
-3.072417449922129 -44.21709799595202 -2.6816023071795865
-3.263127477862756 -44.302596933628955 -2.7698763071795867
-3.475797505738349 -44.38789686412948 -2.755162307179586
-3.5305875130261986 -44.410197846224385 -2.7614653071795865
-3.6745675306721353 -44.46419479917246 -2.8154863071795866
-3.8773275506729528 -44.52539773291152 -2.8684493071795867
-4.056597565607469 -44.57109767432699 -2.8882083071795868
-4.096387569201558 -44.58209566132383 -2.8600483071795866
-4.303987592077189 -44.6520955934812 -2.7883763071795866
-4.485797614724392 -44.72139653406662 -2.7469713071795865
-4.580587629004345 -44.76509350308974 -2.6816023071795865
-4.679927645312712 -44.81499747062592 -2.683070307179586
-4.930977678188919 -44.915599388584056 -2.8943013071795867
-5.1327776904754145 -44.95319632263684 -2.9859413071795866
-5.36855771005107 -45.01309824558515 -2.8005633071795866
-5.444917719364722 -45.04159822063108 -2.778497307179587
-5.590607736716542 -45.09469517302033 -2.8098123071795866
-5.83276776312123 -45.17549409388367 -2.8421783071795867
-5.960307775540083 -45.21349605220425 -2.8627753071795863
-6.03972778292499 -45.23609402625019 -2.8732843071795866
-6.264307799364395 -45.2863989528586 -2.9981383071795866
-6.433487808872156 -45.31549289757143 -2.8114913071795864
-6.469677813285193 -45.32899688574472 -2.7639923071795867
-6.605457829427873 -45.37839384137252 -2.8604683071795867
-6.839927852238471 -45.44819476474891 -2.8341963071795866
-6.966317866781491 -45.492696723445306 -2.7820633071795866
-7.024127873969668 -45.51469270455328 -2.780384307179587
-7.283917910277548 -45.62579561965523 -2.6784453071795866
-7.4241379347538246 -45.700693573832055 -2.6334643071795867
-7.565957959949377 -45.77779252748599 -2.6641503071795865
-7.80147799351218 -45.880495450519255 -2.8058173071795864
-7.896618004459804 -45.91399541942799 -2.7938403071795865
-8.01288801864139 -45.95739138143155 -2.7980453071795863
-8.191008040669319 -46.02479732322283 -2.7837513071795867
-8.39408806511324 -46.099596256857325 -2.7927913071795865
-8.618278088512394 -46.17119818359316 -2.8495393071795867
-8.841528113281475 -46.2469921106362 -2.8026603071795866
-8.879768117662158 -46.26039709813956 -2.8089733071795866
-9.038758135340446 -46.31449304618244 -2.7887953071795866
-9.249108162237615 -46.39679897744113 -2.7602063071795864
-9.385748181125047 -46.45459493278787 -2.741077307179587
-9.472038193052727 -46.49109390458874 -2.725944307179586
-9.704808233216463 -46.613995828520686 -2.6513343071795865
-9.855048257202874 -46.687394779423016 -2.7272123071795864
-9.896449262987138 -46.70509476589338 -2.7513763071795863
-10.112088291908805 -46.79359569542365 -2.7148053071795863
-10.335389332202276 -46.91689462245001 -2.607402307179586
-10.578588376450947 -47.05229654297382 -2.6851683071795867
-10.808488410339237 -47.15599546784367 -2.7553723071795866
-11.045389440206971 -47.24739139042562 -2.8119103071795863
-11.253388459162045 -47.3053943224526 -2.970388307179587
-11.331188462951554 -47.316990297027964 -3.0166283071795865
-11.602988473149175 -47.34819520820511 -3.016418307179587
-11.787288481547467 -47.373894147976806 -2.9958213071795865
-11.858287485272598 -47.3852931247747 -2.969549307179587
-12.20918751167728 -47.466092010102365 -2.830830307179587
-12.281787519716758 -47.49069298637705 -2.8060273071795865
-12.48368854677569 -47.57349392039683 -2.6954673071795865
-12.63608857481501 -47.659294870593286 -2.5533913071795866
-12.719888594879233 -47.72069184320787 -2.460911307179586
-12.874688643768067 -47.87029279262001 -2.2641743071795863
-12.93298866912833 -47.947895773567865 -2.1737923071795855
-13.09048775471525 -48.209793722097984 -2.060715307179587
-13.177388809322347 -48.37689269369917 -2.0191003071795866
-13.21658882922448 -48.43779368088881 -2.3036913071795864
-13.220587830662053 -48.44219267958196 -2.3333293071795866
-13.226388832361057 -48.44739167768621 -2.5111373071795864
-13.231389833308436 -48.450290676051914 -2.7150153071795864
-13.238588834126404 -48.45279367369932 -2.9813163071795867
-13.239888834191108 -48.45299167327448 2.884232
-13.238388834420517 -48.45369367376468 2.496023
-13.1693877119708 -48.07899469631387 1.4379600000000001
-13.175389643570995 -47.86968969435246 1.725071
-13.242589542461303 -47.56029167239186 1.77068
-13.290688461840999 -47.31359165667336 1.753656
-13.30768843226704 -47.223094651117854 1.7572290000000002
-13.369288327659337 -46.902992630987306 1.764585
-13.403187273606806 -46.7375906199093 1.789387
-13.424488242594624 -46.64269261294824 1.787705
-13.492987144653535 -46.34299059056314 1.80494
-13.534188090374537 -46.17689557709887 1.8257480000000001
-13.561188057204198 -46.075393568275416 1.83941
-13.653186959623564 -45.77679453821062 1.876403
-13.681787928316938 -45.68099552886397 1.8305820000000002
-13.690187917761788 -45.6486965261189 1.82848
-13.756787829689253 -45.379192504354364 1.796953
-13.804787758742734 -45.162094488668224 1.776145
-13.822888730213537 -45.074794482752914 1.7740440000000002
-13.90068761171705 -44.71219245732861 1.79296
-13.922487579888205 -44.6147954502045 1.791068
-13.964587519071673 -44.42869543644644 1.796113
-14.02958742724165 -44.147693415204785 1.791068
-14.065987376098901 -43.991195403309455 1.80515
-14.123787304203693 -43.77119438442073 1.856645
-14.20458621776644 -43.506694358016034 1.8606390000000002
-14.27538713534713 -43.25448933487865 1.8137670000000001
-14.34068604231058 -42.96979531353928 1.806832
-14.408185957571353 -42.71049129148064 1.807253
-14.467886878618684 -42.468894271970676 1.81545
-14.494485844370248 -42.364093263278264 1.822596
-14.57988674107005 -42.04799223536967 1.8373080000000002
-14.612586701397476 -41.92659322468348 1.834155
-14.68328662133305 -41.681594201579095 1.867785
-14.798686515287772 -41.35709316386698 1.96489
-14.831786489864108 -41.27929615305007 1.9798120000000001
-14.940087412805537 -41.043495117657876 2.032779
-15.03238635806608 -40.87599108749504 2.12589
-15.081386333033915 -40.79939207148209 2.155105
-15.262486250028656 -40.545394012299546 2.222995
-15.37838620221823 -40.39909297442403 2.2320320000000002
-15.44528617264329 -40.308592952561455 2.174652
-15.567986102023559 -40.092494912463735 2.013021
-15.691785006174282 -39.79919387200687 1.9716150000000001
-15.780085941566599 -39.60149284315056 2.01134
-15.818284914998825 -39.52019483066733 2.003983
-15.940985821959332 -39.235491790569284 1.9709850000000002
-16.004485774607723 -39.09059476981781 1.9880090000000001
-16.05078474013119 -38.98509575468754 1.981494
-16.1728856523861 -38.716593714785574 2.039084
-16.23038661503344 -38.60229369599455 2.027734
-16.293084573039966 -38.47379267550517 2.018066
-16.42138648689682 -38.21019263357674 2.02332
-16.45778646166891 -38.13299462168141 1.998939
-16.52278541238758 -37.98219260044008 1.957953
-16.641984322126827 -37.705992561486475 1.997888
-16.685285291897642 -37.61349054733592 2.024792
-16.746385251081936 -37.488593527368764 2.03404
-16.86228517683413 -37.261393489493244 2.03425
-16.91888613921971 -37.14629247099634 2.0170150000000002
-16.969785103370633 -37.036593454362816 1.998939
-17.093385008664484 -36.74679041397098 1.97729
-17.127484984122187 -36.67169040282727 2.007977
-17.205284929581417 -36.50479437740264 2.0090280000000003
-17.349783832130193 -36.206591330181126 2.003143
-17.47078473984396 -35.92419329063863 1.96594
-17.569184662359906 -35.68709025848202 1.959845
-17.595284641576406 -35.623492249952676 1.963208
-17.683585579877192 -35.43469122109637 2.0630450000000002
-17.80338350928949 -35.21869118194701 2.0861650000000003
-17.83198449298242 -35.16879117260035 2.0888970000000002
-17.951884415892483 -34.93289413341765 2.003564
-18.043185350500817 -34.732794103580964 1.96615
-18.06918432955261 -34.66869209508462 1.946814
-18.16888523958499 -34.39338906250286 1.9094010000000001
-18.24238417233223 -34.18759403848377 1.912554
-18.275084142330822 -34.09578902779759 1.9100320000000002
-18.368883053247185 -33.82319099714457 1.8913250000000001
-18.415583008378892 -33.685892981883256 1.905408
-18.460683966581826 -33.557992967144486 1.910662
-18.53688289896763 -33.35109194224305 1.9264260000000002
-18.605882838935074 -33.16739091969421 1.9545910000000002
-18.634383817627718 -33.10218991038023 2.002723
-18.695283782040406 -32.993291890478424 2.170449
-18.71578377311858 -32.965990883779135 2.2713360000000002
-18.747983762367678 -32.93309287325634 2.419726
-18.869983725962392 -32.82169183338737 2.294877
-18.9792826803745 -32.68219179766902 2.215638
-19.10868461093025 -32.46969075538112 2.068299
-19.24568353387266 -32.23389271061056 2.1294630000000003
-19.377584467206823 -32.029893667505995 2.21732
-19.555482399069096 -31.821390609369853 2.286049
-19.725284339135555 -31.63799255387943 2.381052
-19.92398427822065 -31.451591488945297 2.281635
-20.05678321060678 -31.24469144554727 2.008607
-20.06968220139116 -31.216491441331947 1.982335
-20.17158410622881 -30.92529240803091 1.88544
-20.254382028875803 -30.688590380972958 1.937776
-20.293682997340742 -30.5920923681296 1.9709850000000002
-20.423983904530985 -30.308092325547907 1.9968370000000002
-20.459883878517456 -30.228490313815982 1.9938950000000002
-20.48968185704768 -30.16279230407815 2.003143
-20.675583750088027 -29.835493243326344 2.145016
-20.74568271629678 -29.73209122041835 2.19441
-20.86728166525141 -29.575891180680422 2.264611
-20.906782650022766 -29.529291167771703 2.274489
-20.905884649728325 -29.52839016806516 1.759961
-20.90608064959826 -29.52799216800111 1.4566670000000002
-20.905483649075062 -29.52639116819621 1.100616
-20.905684649140095 -29.52659016813052 0.8660510000000001
-20.901581648061672 -29.523290169471363 0.5768400000000001
-20.89788364740841 -29.52129117067985 0.317685
-20.894180647212007 -29.52069017188997 0.09678500000000012
-20.88808364675449 -29.51929017388244 0.34984000000000015
-20.884583646264623 -29.517791175026222 0.580623
-20.883681646035868 -29.517091175320992 0.8809750000000002
-20.88438264642737 -29.51828917509191 1.326983
-20.884182646166913 -29.51749217515727 1.577312
-20.884482645741755 -29.51619117505923 1.800737
-20.885182645055487 -29.514091174830472 2.011129
-20.884682645186203 -29.51449117499387 2.335652
-21.09308355914077 -29.2511901068895 2.05758
-21.214981469272168 -28.97619006705387 1.9424000000000001
-21.29378139790048 -28.757791041302447 1.903305
-21.36188133326045 -28.559991019047725 1.9146560000000001
-21.47648123662719 -28.264290981597046 1.956482
-21.582983153163443 -28.00888994679275 1.981074
-21.685883077543753 -27.777491913165562 1.9865380000000001
-21.785981994407127 -27.523091880453734 1.8410920000000002
-21.79748197940691 -27.477190876695598 1.783292
-21.839782917512284 -27.28779186287186 1.9094010000000001
-21.885781868655787 -27.138289847839626 1.731166
-21.908981819473812 -26.98779184025799 1.840881
-21.92178180790527 -26.952391836075023 1.995365
-21.9331818004867 -26.929690832349557 2.0861650000000003
-21.961379786500203 -26.8868918231346 2.217109
-21.995782772872523 -26.845190811891875 2.307278
-22.142883726827442 -26.70429176382003 2.336494
-22.254882677775196 -26.554190727219336 2.079019
-22.279882662121395 -26.506289719049466 2.01134
-22.371680591141864 -26.289090689050358 2.0252120000000002
-22.481380533102758 -26.11148965320097 2.2324520000000003
-22.530883513756823 -26.052290637023642 2.305386
-22.605182488985765 -25.976490612743117 2.3697030000000003
-22.800582425815648 -25.783188548887402 2.338175
-22.91968138058821 -25.644791509966463 2.224466
-22.98678135039236 -25.55239148803853 2.1660340000000002
-23.14518126166721 -25.280890436274234 2.043288
-23.181680237941574 -25.20828942434655 2.033198
-23.29718116359605 -24.980790386601427 2.0483320000000003
-23.415181090851174 -24.75818934803964 2.062625
-23.452180068564413 -24.68999133594856 2.073134
-23.577980995002548 -24.464890294837442 2.086795
-23.6667799444477 -24.310191265818396 2.112438
-23.702980925460917 -24.25209125398809 2.142073
-23.84198085392453 -24.03318820856362 2.112018
-23.9714807793179 -23.804890166243688 2.065988
-24.10778169278293 -23.54009112170123 2.038243
-24.242279606182603 -23.275092077747985 2.061153
-24.388680520724417 -23.013588029904902 2.098356
-24.496380461444474 -22.8321899947091 2.115171
-24.538382438568828 -22.762189980983063 2.1008780000000002
-24.68278135814427 -22.516088933794222 2.104661
-24.783579303112656 -22.34769090085396 2.11433
-24.81308028713206 -22.298789891213183 2.11433
-24.989380194551707 -22.01549183359926 2.1401820000000003
-25.06407915674088 -21.899789809188015 2.1372400000000003
-25.149679111577495 -21.76158878121438 2.104031
-25.26508004670968 -21.563091743501932 2.101508
-25.344080003114584 -21.42968971768514 2.112438
-25.382579982428137 -21.366388705103542 2.115591
-25.51187891631785 -21.1640896628493 2.166455
-25.6434798548474 -20.975988619842774 2.187053
-25.675180840174633 -20.93108960948305 2.182429
-25.822478771645734 -20.72138956134683 2.150061
-25.941379710927563 -20.535590522490594 2.142494
-25.994178684260444 -20.45398850523616 2.1454370000000003
-26.148379606646976 -20.21648945484407 2.145646
-26.225280568608046 -20.100089429713222 2.159309
-26.26457954936015 -20.041190416870514 2.159309
-26.44337946106016 -19.7709903584396 2.132616
-26.534078412922938 -19.62368932879964 2.107394
-26.57887838821724 -19.54808931415923 2.0998270000000003
-26.70828031008025 -19.30898827187133 2.044338
-26.78778026011363 -19.156089245891145 2.063466
-26.827279236617404 -19.084190232983072 2.076917
-26.961478160506537 -18.85128918912754 2.109285
-27.07318010034392 -18.667190152623906 2.129252
-27.098579087010034 -18.626388144323645 2.1261
-27.211879026945123 -18.442588107297794 2.113489
-27.369078942730724 -18.18489005592565 2.14901
-27.537779866293388 -17.950990000795034 2.214797
-27.68107680763337 -17.771488953966315 2.279114
-27.72767878959429 -17.716288938737023 2.259145
-27.91597970119626 -17.445788877201235 2.128412
-27.98987866185015 -17.325388853051425 2.109075
-28.087278605706786 -17.153588821221607 2.069141
-28.249678509531034 -16.859288768150137 2.1160110000000003
-28.404678427473154 -16.608189717496938 2.130093
-28.52337836668897 -16.42218867870639 2.140603
-28.561878346950557 -16.361788666124795 2.136189
-28.705778273650456 -16.13748861909902 2.146698
-28.815680219239425 -15.970989583183616 2.177595
-28.868479194990915 -15.896788565929176 2.1996640000000003
-29.043379114174527 -15.649488508772762 2.1782250000000003
-29.14757906531901 -15.499989474720742 2.180327
-29.19947804113586 -15.425988457760418 2.182849
-29.359076971038345 -15.21148840560429 2.219211
-29.45177793067917 -15.087988375310083 2.19546
-29.533479891169666 -14.967088348610293 2.140603
-29.65927682548421 -14.766089307500485 2.105712
-29.743775774863348 -14.611188279886653 2.047281
-29.77937675218378 -14.541788268252432 2.042657
-29.927978656955414 -14.250387219690072 2.038454
-30.003676610975695 -14.10968819495236 2.105923
-30.102178566107078 -13.972389162762415 2.289622
-30.31997845705528 -13.638688091586506 2.328506
-30.390979436434517 -13.575588068383745 2.2242550000000003
-30.39257743571557 -13.573388067861526 2.120004
-30.394277434212313 -13.568788067305974 1.6271250000000002
-30.394175433787808 -13.567489067339308 1.344008
-30.39267843238226 -13.56318806782852 1.076866
-30.3929784324803 -13.56348806773048 0.8269580000000001
-30.39257743238226 -13.563188067861526 0.5871390000000001
-30.392678432414943 -13.56328806782852 0.3632960000000001
-30.39227843241494 -13.563288067959238 0.021117000000000052
-30.391175432414943 -13.563288068319693 -0.18675799999999998
-30.38797943293781 -13.564888069364128 -0.6327639999999999
-30.387877432970495 -13.564988069397462 -0.8774189999999997
-30.38757843313389 -13.565488069495174 -1.1376269999999997
-30.387378433297613 -13.565989069560533 -1.5900253071795858
-30.38727743313389 -13.565488069593538 -1.8002073071795863
-30.389277434637147 -13.570088068939949 -2.125355307179586
-30.389577434800543 -13.570588068841909 -2.446307307179586
-30.392077435225378 -13.571888068024922 -2.7851193071795866
-30.393577435356423 -13.572289067534731 -3.0430203071795865
-30.3941754351927 -13.571788067339307 2.834515
-30.395978434865903 -13.570788066750097 2.508731
-30.39747743444107 -13.56948806626023 2.291191
-30.39917743368977 -13.567189065704678 2.056626
-30.399377433460685 -13.56648806563932 1.706251
-30.399377433035852 -13.565188065639319 1.5002710000000001
-30.39907543257834 -13.563788065738011 1.2823120000000001
-30.397777431565274 -13.560688066162191 1.079485
-30.383079425290813 -13.541488070965425 0.8682510000000001
-30.311877406826905 -13.484988094233879 0.5426810000000002
-30.08537837937615 -13.4009881682526 0.2677590000000001
-29.860679357056064 -13.332688241683089 0.34994000000000014
-29.656877327121663 -13.241088308284548 0.523552
-29.615977319049506 -13.216387321650462 0.57105
-29.39567826764501 -13.059088393643057 0.654074
-29.217578226011348 -12.931688451845236 0.5643280000000003
-29.158776214475168 -12.89638747106143 0.5061010000000001
-28.887979174312413 -12.773488559556517 0.4087860000000001
-28.759477156012235 -12.717489601550318 0.4180360000000001
-28.583077129802962 -12.63728865919694 0.44788400000000017
-28.381677097286882 -12.537788725013437 0.4638570000000002
-28.29227708254811 -12.492687754228903 0.475414
-28.13897605660093 -12.413288804326893 0.4937040000000002
-27.90917701575158 -12.28828887942404 0.49475300000000005
-27.835378002778157 -12.248589903541179 0.49096700000000015
-27.596575964673555 -12.13198898158046 0.439473
-27.29437691728831 -11.98698908033756 0.44788400000000017
-27.019575871830828 -11.84788817014113 0.504003
-26.783674828400454 -11.71499024723238 0.5002170000000001
-26.47417678049201 -11.568389348374756 0.38062700000000005
-26.245478751570676 -11.479889423112098 0.383564
-26.129076735982565 -11.432189461151681 0.397019
-25.861776698826 -11.318489548503964 0.40332200000000024
-25.769375685982638 -11.279188578700142 0.4022730000000001
-25.564876657388425 -11.191689645529374 0.4113140000000002
-25.203875605035897 -11.031489763502666 0.43128200000000017
-24.95907656836953 -10.919289843501739 0.42035400000000017
-24.744276537781538 -10.825689913697287 0.3968090000000002
-24.72287753487306 -10.81678992069037 0.3953410000000001
-24.475376500134775 -10.71049000157244 0.43254100000000006
-24.221575459448825 -10.58599008451332 0.4705790000000001
-23.904575406769833 -10.42479118810731 0.4834050000000001
-23.752075380298802 -10.343789237943534 0.4958020000000001
-23.680977367815565 -10.305590261178 0.488869
-23.403774320234245 -10.159990351766535 0.4693210000000001
-23.25647529663966 -10.087790399903101 0.4367460000000001
-23.102976274058143 -10.018690450065792 0.42665700000000006
-22.77267622519611 -9.869171558006155 0.41005500000000006
-22.504276185215712 -9.746830645717912 0.4686910000000002
-22.284475149853247 -9.638620717547763 0.41551899999999997
-22.188776136013487 -9.596270748821711 0.43002300000000004
-21.87537608634395 -9.444280851239238 0.45439700000000016
-21.799076074040126 -9.406630876173692 0.4661740000000001
-21.689676055589292 -9.350170911925057 0.49033800000000016
-21.398376003838067 -9.19181100712042 0.4766830000000002
-21.330876992524757 -9.157192029178749 0.47584400000000016
-21.131274957943006 -9.051371094407669 0.4960120000000001
-20.89447591815901 -8.92963117179238 0.43379900000000005
-20.82317690742053 -8.896771195092532 0.43379900000000005
-20.652575881989364 -8.818951250844071 0.428755
-20.393374841100798 -8.693831335549643 0.47773200000000005
-20.323775829401548 -8.658031358294243 0.47394600000000003
-20.146575800372364 -8.569201416202302 0.4565050000000001
-19.862475757725644 -8.43870150904474 0.4375850000000001
-19.62107672014424 -8.323701587932709 0.44263000000000013
-19.383374683170683 -8.210561665612513 0.4531380000000001
-19.169375648978143 -8.105931735546301 0.4487229999999999
-18.947375613942476 -7.998721808094773 0.4539770000000001
-18.848676598249792 -7.950701840349106 0.4562950000000002
-18.656674567887286 -7.857791903094385 0.4407420000000002
-18.369275522727516 -7.719601997014919 0.45965100000000003
-18.07807447759062 -7.581482092177926 0.4317010000000001
-17.862374445594142 -7.483572162667591 0.436326
-17.52507539365338 -7.324632272895191 0.45229900000000006
-17.338775363627473 -7.232752333777086 0.4565050000000001
-17.255175350075298 -7.191282361097141 0.468062
-16.9985743075789 -7.061242444953044 0.4605000000000001
-16.852376284467972 -6.990522492729809 0.4405320000000002
-16.680175258010667 -6.909562549004222 0.442839
-16.43187421934431 -6.791242630147728 0.44788400000000017
-16.35757520757316 -6.755222654428263 0.4569240000000001
-16.124575169459085 -6.638592730571481 0.4678520000000001
-15.891375131851541 -6.523512806780056 0.4413710000000002
-15.666575097639395 -6.418822880243555 0.43737500000000007
-15.370575051250876 -6.276872976974852 0.4634370000000001
-15.071774001486565 -6.124593074621503 0.448933
-14.903173974797234 -6.042923129719125 0.45734400000000003
-14.888274972405096 -6.035603134588043 0.458183
-14.578474923725746 -5.88664323582911 0.432331
-14.414075899111563 -5.811323289553869 0.43653600000000004
-14.307374882644375 -5.760933324423214 0.45146
-14.023674837507478 -5.6228134171349335 0.4527190000000001
-13.924874821710217 -5.574473449422271 0.4586020000000002
-13.681973785707564 -5.464304528801084 0.3507790000000002
-13.46347476726948 -5.407883600205445 0.128201
-13.36477476459957 -5.399713632460101 0.026471000000000133
-13.219974767459036 -5.408463679780002 -0.18602799999999986
-13.176674770874042 -5.418913693930222 -0.414501
-13.078674798027437 -5.502003725956116 -0.9189340000000001
-12.973574860000827 -5.69164376030225 -1.1553969999999998
-12.772075016267621 -6.169823826151395 -1.156866
-12.685176077459971 -6.357073854549537 -1.099907
-12.689475074659338 -6.348503853144645 -1.1024249999999998
-12.660575089698439 -6.394523862589016 -0.9012829999999998
-12.614175104953228 -6.441203877752296 -0.6349819999999999
-12.583175111142726 -6.460143887882937 -0.39957699999999985
-12.594875109871492 -6.456253884059437 -0.12191799999999997
-12.593475109851884 -6.45619388451695 0.10339800000000011
-12.584174109008755 -6.453613887556469 0.4401120000000001
-12.58487510925712 -6.454373887327385 0.8007820000000002
-12.584875109188493 -6.454163887327385 1.123623
-12.583575108021835 -6.450593887752219 1.386142
-12.583575107949938 -6.450373887752219 1.5927520000000002
-12.633475056636602 -6.293353871445163 2.085001
-12.880974945059009 -5.951923790563444 2.2098500000000003
-12.973374903840362 -5.825793760367602 2.183787
-13.096575841415994 -5.634773720106153 2.070919
-13.232674741900405 -5.330253675629712 1.951745
-13.28607469700532 -5.192873658178872 1.922109
-13.336974637875048 -5.0119336415450215 1.731263
-13.342174626943759 -4.97848363984569 1.7213850000000002
-13.342974627237874 -4.9793836395842535 1.4958580000000001
-13.344374629911057 -4.98756363912674 1.274745
-13.345375630927387 -4.990673638799618 0.9622020000000001
-13.340275629234592 -4.985493640466273 0.6505010000000001
-13.336374628420872 -4.9830036417410986 0.43842400000000015
-13.333073628058129 -4.981893642819849 0.223827
-13.335674628081005 -4.981963641969855 -0.02608199999999994
-13.338674627829374 -4.9811936409894715 -0.3541759999999998
-13.334473628489498 -4.983213642362336 -0.709381
-13.33707462753199 -4.980283641512343 -1.040632
-13.336474627901268 -4.98141364170842 -1.255439
-13.33677462756467 -4.980383641610382 -1.4481799999999998
-13.33677462729343 -4.979553641610382 -1.556632
-13.337475626345725 -4.976653641381299 -1.2022659999999998
-13.275674653087354 -5.058483661577546 -0.7707539999999997
-12.958174729782865 -5.293173765334913 -0.623634
-12.752575783102731 -5.456333832523608 -0.7186309999999998
-12.591374835625215 -5.617053885203263 -0.859248
-12.454874899912316 -5.813773929810756 -1.053458
-12.369174955340002 -5.98338395781707 -1.147615
-12.23727505855164 -6.2992140009213005 -1.17137
-12.099375170835106 -6.642804045986298 -1.225381
-12.051775218530826 -6.788754061541727 -1.2913799999999998
-11.958074363441492 -7.232184092162711 -1.3987829999999999
-11.9242744374674 -7.458705103208367 -1.4372509999999998
-11.900175496247671 -7.638574111083788 -1.424845
-11.823074634932894 -8.062954136279979 -1.3105089999999997
-11.704775739925564 -8.38423417493947 -1.1299649999999999
-11.607175802768229 -8.57653420683464 -1.0683819999999997
-11.50907685906846 -8.748814238892885 -1.034748
-11.31437596279317 -9.06621430252016 -0.9941819999999999
-11.039175102096372 -9.492485392454421 -0.9994359999999998
-10.837576205497228 -9.808894458335928 -1.008267
-10.738976256575276 -9.965194490557895 -0.9979679999999997
-10.625076314712095 -10.143094527779827 -0.9992269999999999
-10.42217641990771 -10.464995594086492 -1.036216
-10.250576520690936 -10.77339465016448 -1.0763629999999997
-10.174776567651367 -10.917094674935527 -1.0965409999999998
-10.04867665320628 -11.17889471614435 -1.147615
-9.891736773009297 -11.545494767431519 -1.212355
-9.845766826636341 -11.709594782454273 -1.432836
-9.842756840688521 -11.752594783437925 -1.5745823071795864
-9.844376852420787 -11.788495782908514 -1.6819863071795862
-9.854336869348108 -11.840293779653635 -1.8228033071795864
-9.855666878335294 -11.867794779218995 -1.5063969999999998
-9.835086905786065 -11.951794785944431 -1.158544
-9.726426960230102 -12.118394821453954 -0.8699669999999999
-9.483247053824172 -12.404794900923921 -0.9136790000000001
-9.305927139836598 -12.667994958871178 -1.028235
-9.190307209117451 -12.879995996655195 -1.0906569999999998
-9.05802728983547 -13.126995039883608 -1.0547170000000001
-8.96957734065208 -13.28249506878861 -1.0465149999999999
-8.805757432579492 -13.563795122324134 -1.0379049999999999
-8.575837556761567 -13.943795197460798 -1.009945
-8.478476608231441 -14.101294229277865 -1.013521
-8.387647655453636 -14.245795258960312 -1.000695
-8.196697753132641 -14.54469532136178 -1.008267
-7.993347862674627 -14.879896387815508 -1.0450469999999998
-7.9296578991446145 -14.991495408629067 -1.0509309999999998
-7.812167967346715 -15.200195447024187 -1.06081
-7.6189880884569146 -15.570795510154408 -1.0885599999999998
-7.387828230057155 -16.00409558569629 -1.067742
-7.316548271854554 -16.131996608990228 -1.0570239999999997
-7.226688324828011 -16.294096638356006 -1.06039
-7.020608445643769 -16.66379570570188 -1.077832
-6.86611753825745 -16.947195756188734 -1.054507
-6.766078593518146 -17.11629478888096 -0.9847220000000001
-6.721148615184649 -17.18259480356385 -0.9618169999999999
-6.568668693518048 -17.422296853393522 -1.0379049999999999
-6.483108740739588 -17.566795881354086 -1.013521
-6.418668775020377 -17.671695902412743 -1.0236100000000001
-6.246468871980432 -17.968395958686813 -1.0637569999999998
-6.200738899039052 -18.05119597363114 -1.0635469999999998
-6.10663895452883 -18.220996004382524 -1.0553460000000001
-5.978389032371709 -18.45919704629396 -1.0763629999999997
-5.923739065377342 -18.560195064153294 -1.066064
-5.863889101227072 -18.669896083711965 -1.066484
-5.682759209755667 -19.001996142904307 -1.0713179999999998
-5.528309305506907 -19.294997193377764 -1.1028439999999997
-5.434929382368745 -19.530196223893853 -1.327111
-5.418859407728029 -19.607796229145446 -1.4097109999999997
-5.3927894995900765 -19.888896237664976 -1.560628
-5.403709544230258 -20.025496234096366 -1.7734173071795862
-5.452039592693939 -20.17379621830236 -2.002089307179587
-5.523799629556073 -20.286595194851554 -2.3081173071795864
-5.648799662235556 -20.386595154002187 -2.6046853071795866
-5.728279678183142 -20.435395128028524 -2.550254307179586
-5.7282896783795465 -20.435996128025256 -2.3646553071795866
-5.730629679262219 -20.438697127260557 -2.2215213071795863
-5.731869679915155 -20.440695126855335 -2.0096603071795864
-5.73228968024195 -20.441695126718077 -1.7738363071795862
-5.732289680503713 -20.44249612671808 -1.562096
-5.731429682301411 -20.447997126999123 -1.2857059999999998
-5.730809682824283 -20.449597127201734 -1.041471
-5.732569682170366 -20.447596126626575 -0.772443
-5.732629682007296 -20.447097126606966 -0.521055
-5.7263596830523875 -20.450295128655974 -0.4271069999999999
-5.360779738019308 -20.61849524812564 -0.41891599999999984
-5.088899778149735 -20.74129533697463 -0.4235309999999999
-4.898439806319792 -20.82749639921598 -0.4229019999999999
-4.563729855731199 -20.978696508597494 -0.427317
-4.209249915731087 -21.16229762443974 -0.5643579999999999
-4.04771995220108 -21.27389667722691 -0.6412849999999999
-3.8685399993252405 -21.418097735782013 -0.7308279999999998
-3.700350057690491 -21.596696790745636 -0.9084249999999998
-3.62221009344153 -21.706095816281387 -0.9964900000000001
-3.4380902092909844 -22.060597876450842 -1.1869229999999997
-3.299280336479565 -22.44979792181322 -1.1900689999999998
-3.1810404197789373 -22.70469596045344 -1.087291
-3.0801404817722613 -22.894396993427033 -1.067952
-2.9313405650069293 -23.1490970420541 -0.9996459999999998
-2.7936606316077364 -23.35289708704721 -0.942059
-2.629000702130084 -23.568697140857246 -0.8956089999999999
-2.4911407582734544 -23.74049718590918 -0.8884569999999998
-2.2591208506577307 -24.023195261732116 -0.8899349999999999
-1.9806509683695943 -24.38339635273467 -0.9258759999999997
-1.8779610138601026 -24.522598386293232 -0.935756
-1.7843910557218805 -24.650696416871426 -0.9389020000000001
-1.6018311371268257 -24.89979747653109 -0.9317599999999997
-1.5361311663752995 -24.989298498001506 -0.9359649999999999
-1.3518012477465848 -25.2382965582396 -0.9294419999999999
-1.1896913183019384 -25.454197611216305 -0.9195630000000001
-1.1206013481059633 -25.545398633794562 -0.922929
-0.9334274300331271 -25.796097694962057 -0.9256660000000001
-0.8459744680723845 -25.912498723541248 -0.918304
-0.708960528398403 -26.09709776831671 -0.9389020000000001
-0.540192603266796 -26.326196823469218 -0.9288129999999999
-0.4744886322541605 -26.414898844940947 -0.9325989999999998
-0.21578574574971504 -26.762197929483747 -0.9199919999999997
0.12285610412069142 -27.2215980401502 -0.944995
0.4019639702331342 -27.63129713136125 -0.9899770000000002
0.4888179249060238 -27.769999159744685 -1.0294940000000001
0.6444298259852004 -28.07269921059788 -1.1747259999999997
0.7244287571958508 -28.28319623674113 -1.2174
0.8006786902669447 -28.48800026165923 -1.206042
0.9236935814448912 -28.820998301859888 -1.1944849999999998
1.0888774607915528 -29.190200355841156 -1.100537
1.1639074145183719 -29.331797380360566 -1.053458
1.2680873574596507 -29.50639841440605 -1.006789
1.4414272739962246 -29.761798471052668 -0.9334379999999998
1.7267871580820597 -30.116498564306838 -0.8684879999999997
1.876187098964855 -30.297398613129985 -0.8962379999999999
2.0136570404358816 -30.47649865805447 -0.935116
2.2137469433454338 -30.773597723442844 -1.0131009999999998
2.4045768484768653 -31.0638977858051 -0.9658029999999997
2.4988968033791648 -31.20189781662839 -0.9723259999999998
2.5939467573984643 -31.342599847690234 -0.9754719999999999
2.787386663575639 -31.629699910905426 -0.9950209999999999
3.033706536876917 -32.01740099140152 -0.9809359999999998
3.1522764808325667 -32.18889803014958 -0.9464739999999998
3.2676264286440695 -32.348596067845364 -0.942898
3.471346339460424 -32.62150013442001 -0.9134699999999998
3.604446281944842 -32.7974991779164 -0.935546
3.8526761689074545 -33.14339625903668 -0.9510990000000002
4.040866079888515 -33.4157963205362 -0.9704280000000001
4.156586024790235 -33.5843983583529 -0.963495
4.282985964822711 -33.76790039965976 -0.9677009999999999
4.535155844595835 -34.1357974820676 -0.9538259999999998
4.8439657177990725 -34.52379858298512 -0.7936690000000001
4.920655693517554 -34.59810060804701 -0.7436439999999997
5.0314256585831725 -34.70500064424608 -0.8161549999999997
5.259285568878616 -34.97949871870955 -0.8922430000000001
5.453605490382471 -35.21969878221232 -0.8886669999999999
5.62175542054672 -35.43339783716288 -0.9130500000000001
5.8407153259056 -35.72300190871787 -0.9273439999999997
5.933165283979116 -35.85129793893005 -0.96896
6.068555212279328 -36.070700983174795 -1.055136
6.246335106463458 -36.39450004127237 -1.0755239999999997
6.402405009012558 -36.69270209227524 -1.085403
6.504744944535919 -36.89000212571942 -1.0980089999999998
6.547754916726325 -36.97510013977487 -1.1032639999999998
6.734084796302396 -37.343600200666536 -1.0832950000000001
6.931674679832684 -37.700000265237925 -1.0519789999999998
6.978174652970467 -37.78219928043388 -1.0521889999999998
7.106904578722988 -38.00939832250218 -1.06018
7.221694508331034 -38.224799360014956 -1.095282
7.26161448274299 -38.3030993730606 -1.0954920000000001
7.380004407709896 -38.53270241174983 -1.08834
7.388564402253401 -38.549399414547196 -1.0898179999999997
7.389594401534126 -38.551600414883794 -1.3109289999999998
7.389464401697197 -38.55110141484131 -1.608416307179587
7.389014401076612 -38.55300041469425 -1.9148633071795864
7.388184400586748 -38.55449941442301 -2.2032403071795863
7.387144400226293 -38.55560241408315 -2.4537793071795866
7.387144400258646 -38.55550341408315 -2.7154553071795866
7.386764400195248 -38.55569741395897 -2.9594803071795863
7.388124400258645 -38.555503414403404 3.085154
7.39136439999819 -38.55630041546222 2.773452
7.394394399573029 -38.55760141645241 2.513872
7.392234400258646 -38.555503415746536 2.250302
7.391254400782171 -38.553901415426274 2.024776
7.233634492350435 -38.27370036391687 2.09897
7.057674593788234 -37.96329830641407 2.0659710000000002
7.010804622577887 -37.87520129109719 2.049577
6.831774739504784 -37.517402232591124 2.021202
6.7898347678058775 -37.430800218885345 2.0226740000000003
6.644784859537212 -37.150100171483764 2.085519
6.523374924471365 -36.9514001318076 2.151516
6.466184952445665 -36.86579811311821 2.166649
6.308095024960481 -36.64390106145522 2.215412
6.198645071822548 -36.50050202568753 2.226762
6.106705111431402 -36.379297995642006 2.2023800000000002
5.933565193227192 -36.12900093906075 2.1658090000000003
5.881815218096287 -36.052900922149114 2.1740060000000003
5.781195265090379 -35.909097889267024 2.181152
5.615785341690131 -35.674700835211894 2.184305
5.563825365938316 -35.60050081823163 2.176317
5.42941543273618 -35.396097774307144 2.127135
5.29019550894345 -35.16290172881077 2.089512
5.151015594303591 -34.90169768332748 2.045373
5.017165672733721 -34.66169963958598 2.124403
4.846045755869698 -34.407301583664854 2.1954450000000003
4.727415811719605 -34.23639954489719 2.134701
4.6662358447252394 -34.13540152490388 2.088251
4.509095952731615 -33.80489947355135 1.9278810000000002
4.397386060312828 -33.475698437045104 1.933556
4.31496611789442 -33.29949741011068 2.078582
4.276706138775308 -33.23560139760751 2.137013
4.106686223121733 -32.97749934204585 2.131549
3.984836288742809 -32.77669730222592 2.120199
3.923546320309892 -32.68010128219665 2.151726
3.7536863978586568 -32.44280022668729 2.199227
3.6841364294927335 -32.34599920395871 2.185146
3.555636489622674 -32.16200016196557 2.179471
3.3566065827595573 -31.876999096923605 2.150675
3.1770666823990044 -31.57210003825086 2.047265
3.0714567540651303 -31.352800003738068 1.9900950000000002
3.0309167840325517 -31.261098990489806 1.9850510000000001
2.912506871743981 -30.992699951794034 2.0321320000000003
2.8332769191622518 -30.84759892590208 2.11074
2.7753669495545066 -30.7545979069774 2.143949
2.6053670294555418 -30.510098851422274 2.2061640000000002
2.5241970657951383 -30.398898824896342 2.188929
2.447427101611863 -30.289298799808304 2.181573
2.2908471695528574 -30.081397748638768 2.253245
2.2155471996176654 -29.989398724031116 2.257448
2.1524872257282537 -29.909499703423435 2.2177230000000003
1.9977572938002925 -29.701197652858475 2.216883
1.9105173306627616 -29.588397624348893 2.23664
1.831717363178531 -29.488898598597462 2.242735
1.6628074331776803 -29.274699543398544 2.232857
1.591077463210135 -29.182799519957552 2.238322
1.5387574850403638 -29.115998502859643 2.221087
1.3740575563466924 -28.89779944903654 2.225711
1.2837975940918342 -28.782298419540037 2.229914
1.1959976324248804 -28.664998390847455 2.204272
1.0422376980783101 -28.46409734059948 2.240424
0.9700037282088034 -28.371897316993785 2.231176
0.8917087614762014 -28.270098291407383 2.2225580000000003
0.7183668333384083 -28.05019823476011 2.243786
0.6427578642858892 -27.95549821005148 2.242946
0.5329059096123472 -27.816798174152417 2.237691
0.3665539786964703 -27.605399119789443 2.234328
0.331922992977736 -27.561698108472214 2.242946
0.16016706323864788 -27.34669805234324 2.241895
0.010903124447339969 -27.159398003564537 2.2402130000000002
-0.041222853853802914 -27.092998986530027 2.231386
-0.22610777970337745 -26.866096926110565 2.259971
-0.32787673823309965 -26.739196892852984 2.22487
-0.38216171437739604 -26.666197875112925 2.1847250000000003
-0.5130156396720756 -26.43759783235052 2.0203610000000003
-0.6119515669278532 -26.21499880001875 1.9783250000000001
-0.7257664949346047 -25.9946977628246 2.120199
-0.7586384780399603 -25.9429997520822 2.161394
-0.906613415359711 -25.751196703724737 2.280568
-1.0923813389227015 -25.517297643016715 2.1849350000000003
-1.242071266276515 -25.2949985940988 2.161605
-1.423191180427159 -25.032297534909723 2.161185
-1.5974711009836373 -24.789198477955917 2.245888
-1.7421910391210287 -24.59989743066217 2.174216
-1.7879610168332876 -24.531696415704772 2.148783
-1.9508609379456445 -24.2902983624699 2.199648
-2.038000899285477 -24.171997333992998 2.208266
-2.1433308517368137 -24.026497299571698 2.175477
-2.2881107711825175 -23.779999252258346 2.022044
-2.3248407448748725 -23.699497240255173 1.965924
-2.3883606859537494 -23.51919721949717 1.853056
-2.4338106160856516 -23.305399204644356 1.694998
-2.445540570987629 -23.16739820081106 1.6174410000000001
-2.4375804642554355 -22.840795203412366 1.508566
-2.4321304368056453 -22.7567982051934 1.5054130000000001
-2.4234103783750447 -22.577999208043064 1.535679
-2.423770382034494 -22.589197207925412 1.537781
-2.4357803523285106 -22.498296204000614 1.908334
-2.4861303198124154 -22.39879618754649 2.135332
-2.781760198179339 -22.02659609093614 2.287084
-2.865580166742646 -21.930399063544193 2.286874
-3.03372010422612 -21.73909700859691 2.2933890000000003
-3.1960700420370425 -21.548796955541768 2.262703
-3.2588200172006268 -21.472796935035397 2.262072
-3.54971991994645 -21.175196839970777 2.457123
-3.7324498773327126 -21.04479778025555 2.675718
-3.8538598633132053 -21.001897740579384 2.919733
-4.0801598568750075 -20.982196666625704 -3.1045033071795864
-4.443829873901328 -21.034297547780202 -2.8905353071795865
-4.718129905861527 -21.132096458140353 -2.6889733071795865
-4.938379952528154 -21.27489738616377 -2.4495733071795867
-5.170230028474949 -21.50729631039636 -2.2967693071795865
-5.326980089225458 -21.693194259171253 -2.2553643071795872
-5.381030111219731 -21.760497241507984 -2.2416993071795863
-5.594840206251024 -22.05129517163595 -2.172134307179587
-5.647620231708342 -22.12919515438771 -2.1660413071795865
-5.818500312360987 -22.37599409854499 -2.1962983071795867
-5.939700365661882 -22.539096058937435 -2.235396307179587
-6.041090407164175 -22.666094025803694 -2.2593603071795862
-6.257530490138368 -22.919996955072193 -2.3171573071795866
-6.356640523732878 -23.022796922683547 -2.361509307179586
-6.488710565170137 -23.14959587952374 -2.3898783071795866
-6.696140627489912 -23.340295811736663 -2.413842307179586
-6.776780651051821 -23.412395785383918 -2.413422307179586
-6.9103706902021695 -23.53219674172738 -2.416998307179586
-7.182490768077378 -23.770496652799945 -2.4115353071795864
-7.412780837030762 -23.981495577542333 -2.4096373071795862
-7.580310889905514 -24.143293522794377 -2.325778307179587
-7.605420898892373 -24.170793514588556 -2.3055993071795866
-7.698520930820228 -24.268493484163944 -2.3835753071795867
-7.755460947977611 -24.320995465556237 -2.4226723071795866
-7.960261006506565 -24.500095398628634 -2.4251903071795864
-8.163541066310348 -24.68309633219776 -2.4008063071795864
-8.365441125165118 -24.86319326621786 -2.419096307179587
-8.809431255034694 -25.26059712112417 -2.3995483071795864
-9.023901319249552 -25.45709605103646 -2.4010163071795865
-9.219021378464124 -25.63829398727223 -2.394293307179586
-9.279501396666596 -25.693993967507673 -2.4056413071795864
-9.520551470882031 -25.92109488873375 -2.3758033071795865
-9.648811510457213 -26.042195846819034 -2.4077483071795864
-9.763891543724599 -26.14399480921147 -2.4251903071795864
-9.998581611632567 -26.351794732515962 -2.4300253071795863
-10.046181625031155 -26.392794716960523 -2.4356983071795866
-10.189481664050458 -26.512194670130807 -2.4655463071795864
-10.36208170800469 -26.646695613726 -2.5050633071795865
-10.461481732775738 -26.722495581242583 -2.4825683071795868
-10.51898174735046 -26.76709456245188 -2.4840463071795864
-10.696981796042236 -26.916092504282375 -2.4300253071795863
-10.867081844244801 -27.063593448694554 -2.4289763071795862
-11.058681899211694 -27.23179338608065 -2.4296053071795867
-11.282682954799819 -27.40189431287825 -2.5803123071795864
-11.541182000812855 -27.542695228402092 -2.720080307179586
-11.815782038492618 -27.657996138664206 -2.7070443071795864
-12.038081078981513 -27.78189306601802 -2.5452103071795866
-12.140283103491452 -27.856894032618925 -2.479001307179586
-12.297182145680338 -27.985992981345124 -2.4348593071795865
-12.506682205941958 -28.170394912881587 -2.419516307179586
-12.545383217183375 -28.204793900234296 -2.4153103071795865
-12.704682263751637 -28.347293848176186 -2.416998307179586
-12.883983315320192 -28.505094789581527 -2.4247703071795867
-12.927582327770093 -28.543191775333593 -2.4298153071795867
-13.082882371986088 -28.67849372458234 -2.4197263071795865
-13.28548243437155 -28.869394658373682 -2.3541473071795864
-13.334882450776323 -28.919593642230012 -2.3474243071795864
-13.488982499763196 -29.06949459187091 -2.3987083071795867
-13.67448255655916 -29.24329153125045 -2.3730663071795868
-13.729082573977651 -29.296592513407443 -2.3707593071795863
-13.864282616330591 -29.426193469224767 -2.393454307179586
-14.09868368502254 -29.636392392623705 -2.4245603071795863
-14.33298175515271 -29.850992316056303 -2.3955523071795866
-14.502483807407206 -30.01089226066391 -2.3753743071795865
-14.543382820413315 -30.050691247298317 -2.3701193071795865
-14.758382887406256 -30.255691177037406 -2.394083307179586
-14.876682923517086 -30.366191138377566 -2.3892493071795866
-14.976082954007698 -30.459493105894147 -2.392615307179587
-15.161483010771635 -30.633192045306366 -2.386312307179586
-15.250083038386126 -30.717693016352328 -2.3886193071795865
-15.33888406518363 -30.799693987332613 -2.407329307179586
-15.592583137045812 -31.019593904425065 -2.436118307179586
-15.664482157110035 -31.080990880928834 -2.4382263071795864
-15.77268318675098 -31.171692845569293 -2.4617603071795866
-15.982183242632898 -31.342692777105754 -2.4409533071795866
-16.10378427697903 -31.44779273736716 -2.422043307179586
-16.20028430456084 -31.53219370583145 -2.4296053071795867
-16.391782360050282 -31.701992643250872 -2.402284307179586
-16.518083397926127 -31.817893601976344 -2.4052213071795867
-16.5781834157688 -31.87249258233597 -2.4062803071795864
-16.79208347942909 -32.06729451243452 -2.391147307179587
-16.901584512924575 -32.169791476650154 -2.3936643071795864
-16.994483541290045 -32.256590446291234 -2.3886193071795865
-17.192783602302317 -32.443289381487794 -2.4064903071795865
-17.301383633152724 -32.53769234599786 -2.4512523071795864
-17.420284665374044 -32.63629030714162 -2.4449483071795863
-17.6277847269435 -32.82469423933166 -2.3791593071795867
-17.706283751713894 -32.90049221367859 -2.3747443071795864
-17.824382788870793 -33.01419317508443 -2.3787403071795867
-18.04778485824901 -33.226492102077785 -2.4079583071795865
-18.097083872791053 -33.270991085967125 -2.4039633071795863
-18.25658391942468 -33.41369103384333 -2.5162013071795863
-18.3164849321053 -33.45249401426799 -2.6454613071795867
-18.447583948477387 -33.50259297142549 -2.901463307179587
-18.521682953868847 -33.51909094721033 -2.9367753071795866
-18.78018397223536 -33.57529286273352 -2.9252173071795866
-18.81558397478468 -33.58309385116498 -2.9390923071795867
-18.81498397475233 -33.58299485136105 -3.129935307179587
-18.817683974587627 -33.582490850478706 2.798035
-18.819282974325862 -33.58168984995616 2.59059
-18.821883973705276 -33.57979084910617 2.379144
-18.822084973607893 -33.579492849040484 2.1685410000000003
-18.82158497396704 -33.580591849203884 1.918212
-18.82118397452292 -33.58229284933493 1.6405610000000002
-18.82108297429351 -33.581590849367934 1.400741
-18.820682973835996 -33.58019084949865 1.186565
-18.81988397334613 -33.578691849759764 0.9387590000000001
-18.818183972790255 -33.57699085031531 0.6169690000000001
-18.815982972431105 -33.57589185103459 0.3664320000000001
-18.812583972071955 -33.574792852145364 0.18294100000000002
-18.683984958999844 -33.53479189417086 0.4048910000000001
-18.494083922006343 -33.421590956229544 0.64198
-18.237783852595776 -33.20919303998708 0.7123920000000001
-18.086683811583022 -33.0836930893658 0.6817050000000001
-18.042783799818736 -33.047694103712104 0.6934760000000001
-17.81628373357677 -32.84499217773115 0.7573710000000001
-17.67598369017809 -32.71219122358048 0.7561100000000001
-17.609983670047523 -32.65059124514895 0.7477030000000001
-17.368284599754286 -32.43549232413496 0.721219
-17.293483578218833 -32.369593348579556 0.7229010000000001
-17.138883534199238 -32.23489239910205 0.717226
-16.90598246537592 -32.02429147521291 0.7300470000000001
-16.70388340756624 -31.847392541257847 0.728786
-16.51948335191308 -31.67709260151884 0.739085
-16.314283292991973 -31.49679266857716 0.7289960000000001
-16.104182231097354 -31.307393737237103 0.7102900000000001
-15.904183175901057 -31.13849180259577 0.7098700000000001
-15.688483113254485 -30.946791873085438 0.7285750000000001
-15.488383054791543 -30.767893938477105 0.7432890000000001
-15.261182988550555 -30.565195012724917 0.7155450000000001
-15.038081921589967 -30.360294085633193 0.7533780000000001
-14.815282856132962 -30.15999415844278 0.726264
-14.600183790806675 -29.96009422873605 0.770823
-14.416382733519212 -29.784793288801286 0.7500140000000001
-14.359782716362808 -29.732294307297877 0.7470720000000001
-14.136182650317245 -29.530193380369226 0.7245830000000001
-14.009482613553153 -29.41769442177415 0.7382440000000001
-13.940782592834033 -29.354293444224965 0.7525370000000001
-13.740782530187463 -29.162593509583953 0.7672500000000001
-13.645083500122663 -29.0705945408579 0.765989
-13.512181459077231 -28.944994584289603 0.747492
-13.282582388032033 -28.727594659321394 0.7701920000000001
-13.232482372247189 -28.679292675693823 0.7615750000000001
-13.090882329208961 -28.547594721967986 0.742658
-12.876982265025802 -28.351192791869426 0.7548490000000001
-12.798382241105074 -28.27799481755551 0.744971
-12.657282199340694 -28.15019486366628 0.7382440000000001
-12.395481121203394 -27.911092949221516 0.7428680000000001
-12.193482061694056 -27.728993015233772 0.7258430000000001
-12.016382010714715 -27.57299507310916 0.7226910000000001
-11.962681995191632 -27.525494090658043 0.729207
-11.737181927741178 -27.319094164350304 0.7504350000000001
-11.590182884277137 -27.186093212388833 0.7218500000000001
-11.540181870061888 -27.142594228728907 0.7138630000000001
-11.329681808689818 -26.954794297519246 0.7401360000000002
-11.201780771043053 -26.839594339316644 0.725423
-11.093381739278596 -26.742394374740886 0.741187
-10.894681678952594 -26.557795439675047 0.7458110000000001
-10.770881642416605 -26.445994480132256 0.7289960000000001
-10.698981621567421 -26.382195503628814 0.7271050000000001
-10.447980547090552 -26.154294585654675 0.726894
-10.38888153009722 -26.10229460496793 0.7170160000000001
-10.20088147578359 -25.936093666405377 0.7397150000000001
-9.978391409705676 -25.733893739113984 0.7308880000000002
-9.791081353987156 -25.563393800325947 0.741398
-9.56384128457593 -25.35099387458683 0.7811210000000001
-9.362901220525123 -25.154996940253007 0.750646
-9.17892116470791 -24.98419500037674 0.765568
-9.110791143107097 -24.91809602264128 0.768511
-8.874121071473015 -24.698894099983843 0.7548490000000001
-8.778812042225532 -24.60939613113034 0.750225
-8.655591005722549 -24.497696171398342 0.7304670000000001
-8.460660948728549 -24.323293235100476 0.7477030000000001
-8.357041917291212 -24.227094268962645 0.7380340000000002
-8.229940881768615 -24.118394310498605 0.6829660000000001
-7.98969081850146 -23.92479538901109 0.6930550000000001
-7.9431508057888145 -23.885894404220128 0.7041950000000001
-7.747450750005589 -23.7151964681739 0.7294170000000001
-7.5351506842214615 -23.51389553755247 0.7802810000000001
-7.34692062304514 -23.32669459906508 0.7903690000000001
-7.136420554516262 -23.116994667855415 0.7802810000000001
-6.947800492785369 -22.92809672949548 0.794363
-6.75646043026919 -22.736795792024427 0.7788100000000001
-6.650020396315532 -22.63289682680848 0.7849050000000001
-6.65538039807957 -22.63829482505686 0.7851150000000001
-6.4150303423287 -22.46769590360202 0.4860220000000002
-6.045620288668999 -22.303496024323334 0.38870800000000005
-5.928950273047556 -22.255694062450495 0.3910260000000001
-5.721930245760846 -22.17219613010358 0.39459200000000005
-5.422590197558942 -22.02469722792637 0.494224
-5.088500139127051 -21.845894337105292 0.50641
-4.966750116938664 -21.77799737689257 0.5137720000000001
-4.757160077723615 -21.657998445385516 0.5291160000000001
-4.523240033376907 -21.52229652182939 0.5263790000000002
-4.411180012756481 -21.459197558450025 0.482237
-4.176989983180902 -21.36869563498213 0.18945399999999998
-4.087539979488451 -21.357396664213937 0.03476200000000018
-4.031509979684858 -21.357997682524253 -0.07726599999999985
-3.963509984521753 -21.372798704746305 -0.3572329999999999
-3.910619992625943 -21.397597722030486 -0.5354700000000001
-3.837700009978429 -21.45069674586037 -0.7328259999999998
-3.6651100755661736 -21.65139680226189 -0.9383819999999998
-3.3787302000753714 -22.03239789584939 -0.8824830000000001
-3.3264902210222735 -22.096495912921153 -0.887308
-3.125680302950418 -22.34719797854482 -0.8824830000000001
-2.9331903777858064 -22.57619604144956 -0.861456
-2.87107040144576 -22.648596061750055 -0.854104
-2.6226804900732033 -22.91979814292262 -0.795887
-2.5717405071318993 -22.971998159569555 -0.7916819999999998
-2.3751705716078892 -23.169296223807617 -0.7807529999999998
-2.1510506436341497 -23.389698297048874 -0.7641420000000001
-1.9566007049082033 -23.577198360594135 -0.7729719999999998
-1.8898307261492215 -23.642196382414227 -0.778436
-1.8368707497111365 -23.71429639972128 -1.140164
-1.82626075958067 -23.74449740318857 -1.3709439999999997
-1.8262807594172723 -23.743997403182032 -1.4464009999999998
-1.8266107565744836 -23.73529840307419 -1.6657033071795866
-1.8261707556594577 -23.732498403217985 -1.8948053071795867
-1.8279807568679451 -23.736196402626486 -2.1596383071795864
-1.8275107567702336 -23.735897402780076 -2.433501307179587
-1.825620756312721 -23.734497403397718 -2.636750307179587
-1.8281007565744833 -23.735298402587265 -2.9217613071795863
-1.828540756606836 -23.73539740244348 -3.1382463071795867
-1.8455007556264504 -23.73239739690104 2.8838920000000003
-1.9308307431102016 -23.694097369015633 2.599091
-1.9877607295812165 -23.652698350411196 2.4370410000000002
-2.0707807038944797 -23.574096323280692 2.328167
-2.209050654810205 -23.423897278094767 2.328377
-2.4606905773274486 -23.186798195860113 2.404883
-2.6959705071642452 -22.972097118971824 2.415813
-2.8420704629815674 -22.836897071227096 2.313874
-2.928180426151778 -22.72419704308679 2.092762
-2.9898803789625914 -22.579797022923557 1.851261
-2.997310368537834 -22.547897020495473 1.72368
-2.9989703623614106 -22.52899701995299 1.594838
-2.9785803162182987 -22.38779802661635 1.306256
-2.898860247656407 -22.17799705266845 1.166905
-2.7748401463503223 -21.86799809319757 1.235214
-2.6797100356645696 -21.529297124285584 1.3428280000000001
-2.6374899776584777 -21.351797138082873 1.3262230000000002
-2.6041799351424633 -21.22169714896842 1.314664
-2.5040898197511905 -20.868597181677337 1.275569
-2.400939712170643 -20.53939821538625 1.2598060000000002
-2.307859621615782 -20.26229824580433 1.240049
-2.278559593870897 -20.17739825537943 1.240259
-2.156229479328639 -19.826896295356267 1.21861
-2.1153494452119075 -19.72249830871565 1.1721590000000002
-2.009869372564754 -19.500196343185987 1.0882960000000002
-1.8613392790363892 -19.21399739172485 1.102168
-1.697129180867211 -18.913597445387857 1.008216
-1.6040091387760333 -18.784797475819 0.8610890000000001
-1.482759098482229 -18.661497515442885 0.7385520000000001
-1.2789390386791006 -18.478498582050236 0.7520030000000001
-1.2339290248877048 -18.436296596759277 0.7530540000000002
-1.0734389764570367 -18.288097649206595 0.7509520000000001
-0.8726149132875937 -18.094797714834865 0.7679770000000001
-0.8183138962289028 -18.042597732580155 0.765665
-0.6719088504122662 -17.90239778042457 0.7534740000000001
-0.45597378658956134 -17.707098850991038 0.7320360000000002
-0.40909877289653085 -17.66519786630955 0.724469
-0.26770873590368294 -17.551998912515085 0.558214
-0.20791672518448676 -17.519197932054812 0.4365160000000001
0.030354301645361542 -17.43709800992056 0.27489200000000014
0.20368431654752633 -17.391497066563925 0.2280120000000001
0.25864632023997897 -17.380198084525226 0.13827000000000012
0.3082843210569635 -17.37769810074667 -0.0349219999999999
0.43597931491321273 -17.396498142476744 -0.21273999999999993
0.4773553120377422 -17.40529715599821 -0.18688799999999994
0.4770893120047359 -17.40539815591128 0.05902600000000002
0.47680631200473594 -17.405398155818794 0.19880399999999995
0.47531931187369125 -17.40579915533285 0.307256
0.480502312625646 -17.40349815702663 0.43946300000000016
0.5012353162530684 -17.392398163802074 0.5546380000000003
0.5522873286059127 -17.354598180485606 0.7303550000000001
0.5908493410241167 -17.316598193087472 0.8457450000000001
0.641170361840949 -17.252898209532123 0.9630270000000001
0.732825409030127 -17.10849823948452 1.0096880000000001
0.8590124747158946 -16.907498280721796 1.0101080000000002
0.9118705014803937 -16.825598297995523 0.9874090000000001
0.9901675393889244 -16.70959732358259 0.9632370000000001
1.1437716034727419 -16.513499373779606 0.856465
1.2472116406619955 -16.39969940758327 0.8175810000000001
1.354131677623146 -16.28659744252419 0.8066510000000002
1.5620417483415505 -16.070197510468127 0.8041290000000001
1.6151017663479466 -16.01509752780787 0.8074920000000001
1.7598518165759878 -15.861398575111439 0.8188420000000001
1.965521889876072 -15.637098642323357 0.8270390000000001
2.190861969581335 -15.393198715963331 0.833134
2.3051920108555244 -15.2668987533258 0.841331
2.369332034744228 -15.193798774286428 0.8650810000000001
2.5392820984695508 -14.99879782982523 0.837968
2.6538921396453743 -14.8727988672792 0.8270390000000001
2.7218621635667577 -14.799598889491454 0.81737
2.8913522231738105 -14.617199944879932 0.8343950000000001
3.0257522718338903 -14.468298988801171 0.838809
3.0822922922585683 -14.405799007278159 0.8318720000000002
3.278312361342999 -14.194399071336505 0.8251470000000001
3.393952403401496 -14.065699109127074 0.8501590000000001
3.499192442878314 -13.944899143518976 0.860457
3.7205425275835395 -13.68569921585504 0.8703370000000001
3.8998825967660093 -13.473999274462448 0.8570950000000002
4.084622665392928 -13.263999334834548 0.8409110000000001
4.266802732679987 -13.058099394370053 0.8606680000000001
4.447592801241547 -12.848299453451316 0.854573
4.646692875881164 -12.619900518516193 0.8627699999999999
4.847642953822064 -12.381399584185639 0.8699160000000001
5.033633026174115 -12.160000644966232 0.8760120000000001
5.176683081435453 -11.990899691714253 0.8636110000000001
5.233623103232668 -11.924199710321957 0.8665530000000001
5.449823187905541 -11.665098780975027 0.8726480000000001
5.519283214833111 -11.582699803674204 0.8701260000000001
5.637073260420992 -11.443199842167383 0.87475
5.8766933522826985 -11.162100920473991 0.8480570000000002
6.095953432315083 -10.917199992127054 0.8463760000000001
6.270663500288412 -10.709200049221401 0.883368
6.476483582575357 -10.45740011648234 0.893877
6.637753647967006 -10.257300169184564 0.8919849999999999
6.6863336673459415 -10.198000185060263 0.8806360000000001
6.889173746436832 -9.955980251347354 0.871808
7.005763790358059 -9.821580289448377 0.834605
7.09922382317153 -9.721170319990632 0.812536
7.324703898768982 -9.489840393676358 0.80539
7.366723913164295 -9.445790407408282 0.8171600000000002
7.509273965078925 -9.286930453992904 0.8598270000000001
7.7141540445064125 -9.043880520946654 0.8827370000000001
7.904014122188817 -8.806170582991946 0.9029140000000001
8.064104186665443 -8.608870635308552 0.8722280000000001
8.105754202786231 -8.559540648919564 0.8648720000000001
8.325794279478448 -8.324860720827525 0.7612510000000001
8.471884323465032 -8.190260768568999 0.7343480000000001
8.566024350971352 -8.106090799333474 0.728253
8.793094416637508 -7.905150873538803 0.72489
8.904704449388886 -7.804930910012387 0.7410740000000001
9.048604493087893 -7.671210957038179 0.7509520000000001
9.298265569992521 -7.435881038626133 0.7925690000000002
9.497813640782821 -7.219261103837412 0.825988
9.64500469115171 -7.0651311519386875 0.800135
9.71113471345546 -6.996881173549638 0.8041290000000001
9.911285783749031 -6.781781238957974 0.8440630000000001
10.014423821091878 -6.667511272662953 0.825567
10.122824858673285 -6.552511308087853 0.8045490000000001
10.329723932976629 -6.325141375701402 0.8547830000000002
10.368824947505928 -6.280681388479411 0.84028
10.52772500104473 -6.116851440407129 0.7646140000000001
10.759925072204306 -5.8991015162889155 0.757468
10.933226125860749 -5.734911572922806 0.755997
11.140525186886418 -5.548171640667072 0.7425450000000001
11.338125252807473 -5.346451705241756 0.8531010000000001
11.487425309653439 -5.1725017540322415 0.8629800000000001
11.555425334924484 -5.0951717762543 0.8289310000000001
11.79212540816901 -4.8710418536066635 0.6441790000000001
12.07162545903789 -4.715381944945845 0.355804
12.244624473746919 -4.670372001481037 0.13743100000000008
12.329425476596565 -4.661652029193573 0.06659700000000002
12.638925481171679 -4.647652130336594 0.017621000000000112
12.774325480400433 -4.650012174584623 -0.07443999999999984
12.910626474756679 -4.667282219127093 -0.16880699999999993
12.987525470354749 -4.680752244257293 -0.16838799999999998
12.987225470328607 -4.680832244159254 0.05293199999999998
12.988825470390697 -4.680642244682126 0.21792300000000006
12.989025470420108 -4.680552244747485 0.38943700000000003
12.988725470361285 -4.680732244649446 0.5441290000000001
12.988625470341676 -4.680792244616768 0.6628860000000001
12.988725470397233 -4.680622244649446 0.778696
12.988825470423377 -4.680542244682126 0.8722280000000001
12.98932647062599 -4.67992224484585 1.1082640000000001
12.988625470037757 -4.6817222446167674 1.3285360000000002
12.988424469054106 -4.684732244551081 1.618378
12.988725468175028 -4.687422244649445 1.846848
12.98852546839071 -4.686762244584087 2.0679600000000002
12.990025467730584 -4.688782245074279 2.323753
12.992525467031243 -4.690922245891266 2.570721
12.995125466593338 -4.692262246740933 2.783001
12.994825466603142 -4.692232246642894 2.992554
12.99292546665216 -4.692082246021984 -3.0251693071795867
12.993725466710984 -4.69190224628342 -2.807205307179587
12.952425459684898 -4.713402232786791 -2.551623307179586
12.837424422217868 -4.828052195205044 -2.224997307179587
12.656725346911262 -5.058492136153521 -2.332610307179586
12.47712428343463 -5.25273207746082 -2.251059307179587
12.323825215709665 -5.459972027363478 -2.1745513071795863
12.171024141412852 -5.687321977428879 -2.156062307179586
12.024824065913435 -5.918351929651452 -2.1173833071795864
11.893125996263647 -6.131481886613207 -2.144714307179586
11.746023924149824 -6.352151838541013 -2.1672003071795864
11.606324852624233 -6.5710217928880805 -2.118013307179586
11.468325781533277 -6.7885617477907 -2.135883307179587
11.353423722687328 -6.9686317102413025 -2.1627843071795865
11.331925712504399 -6.999791703215865 -2.1915833071795867
11.198624653442765 -7.180521659653769 -2.192632307179587
11.070624595407265 -7.358111617824013 -2.2071363071795864
11.000324565361748 -7.4500515948503265 -2.2531663071795864
10.932724538933847 -7.530921572758987 -2.2867903071795865
10.79112348703229 -7.689741526484495 -2.3147493071795866
10.657024442209108 -7.826901482661618 -2.367502307179586
10.503424393372887 -7.976341432465913 -2.3647753071795865
10.348125338592594 -8.143970381714984 -2.2823843071795866
10.300024319948621 -8.20102136599582 -2.260728307179586
10.190324272870555 -8.34508133014641 -2.177289307179587
10.05702420507696 -8.55253128658464 -2.1169643071795865
9.99788417391707 -8.647881267257985 -2.1457633071795867
9.92903314003498 -8.751561244757825 -2.176030307179586
9.781694076904747 -8.944741196608181 -2.2970893071795864
9.66333403472207 -9.07382115792873 -2.3034023071795864
9.62048401863396 -9.123051143925567 -2.278599307179587
9.4634539540691 -9.320621092608954 -2.2296223071795858
9.32432389323297 -9.506781047141969 -2.2056683071795864
9.197923838083069 -9.675541005835084 -2.2260563071795865
9.046884770501892 -9.8823409564763 -2.176450307179586
9.018283756789579 -9.924300947129636 -2.1680383071795863
8.911774707084081 -10.076400912323031 -2.208395307179586
8.741033642346022 -10.274500856525732 -2.3397623071795866
8.695893626757583 -10.32220184177421 -2.3149593071795866
8.569452577869399 -10.471800800453927 -2.2361453071795867
8.390333502510506 -10.702400741918739 -2.252117307179587
8.342633483589083 -10.76030072633062 -2.273134307179586
8.222973439177336 -10.896201687226334 -2.3258873071795865
8.026154376138939 -11.089100622906882 -2.3729663071795866
7.972863359047895 -11.141399605491651 -2.3591013071795865
7.789143294570945 -11.33870054545288 -2.2987773071795865
7.599463224244692 -11.553900483466416 -2.3059193071795865
7.390033147480909 -11.788799415025746 -2.2949913071795867
7.224033088363068 -11.969701360777783 -2.3391333071795866
7.156213065683833 -12.039100338614551 -2.3540573071795867
6.927492986664838 -12.28090026387001 -2.3021333071795866
6.87226296630552 -12.343200245821123 -2.2947813071795866
6.757102923528073 -12.474100208187416 -2.2926833071795865
6.595192859966148 -12.668601155276043 -2.2424483071795867
6.493232816012894 -12.803099121956029 -2.211761307179586
6.384862768921101 -12.94720108654126 -2.2247873071795863
6.215162693660246 -13.177501031084152 -2.172454307179587
6.173342673105176 -13.240400017417587 -2.1516463071795866
6.031122599086139 -13.466899970940803 -2.127263307179586
5.871282513661962 -13.728299918705893 -2.1138173071795863
5.7149924280417075 -13.990299867631105 -2.118652307179586
5.571442352944574 -14.220098820719686 -2.135674307179587
5.444542285036276 -14.427899779249401 -2.1087733071795864
5.294552203435598 -14.677599730233423 -2.1283123071795864
5.1572621308217785 -14.89979968536774 -2.1060363071795867
5.001982044515581 -15.163898634623013 -2.1163353071795865
4.863631971574642 -15.387099589410928 -2.1407183071795868
4.719561897228809 -15.614599542329575 -2.145972307179586
4.538961806183761 -15.893199483310402 -2.129790307179587
4.4107117360535835 -16.107799441398946 -2.114027307179587
4.372681715465507 -16.17079942897093 -2.121170307179586
4.202821634158946 -16.419599373461537 -2.230461307179587
4.103121593015146 -16.54550034088008 -2.2477023071795865
4.024701560859187 -16.64389831525282 -2.2420283071795866
3.85706148693819 -16.870098260468907 -2.178337307179586
3.7759414471996084 -16.991699233959302 -2.1505973071795865
3.690271404879347 -17.12120020596278 -2.1623653071795865
3.5326413305661957 -17.348600154450082 -2.181914307179586
3.4557012947501327 -17.458198129306478 -2.194100307179586
3.370651256874609 -17.574098101512565 -2.2134393071795864
3.2422012020381055 -17.74189905953575 -2.233198307179587
