0.03139030055299656 -0.331922456947555 0.00157030055887907
0.7497232056606862 -0.6893998815170004 -0.018848268189949297
1.2246075108814205 -0.8054077204893965 -0.03310190911930123
2.35007383513948 -0.8065811192851284 -0.07037945603698467
3.4984568300071737 -0.7613430795455391 -0.09592764465029044
4.4675101644611575 -0.727774685731226 -0.07873463150246515
5.713203096617928 -0.9630250737337674 -0.0004920842967021281
6.788588324871211 -0.7302933738735438 0.0754585661314003
7.560496594069361 -0.4954276577160006 0.1744952394154536
8.755224859173044 -0.13906636616985224 0.31164221737686093
10.028832069400213 0.44571643636610947 0.4514048759965686
11.323554091190253 0.8624450873930494 0.556466306524322
12.857098466174122 2.088906757721971 0.6603398734635021
14.283029057910136 3.049986625604346 0.7719174940221107
15.193674047994444 3.9205764677786816 0.9678442738872294
15.231458767012548 4.98525513950973 1.3458747491777032
14.8916472914808 6.003619447590863 2.0872359839575036
13.977047499939587 6.570960717466524 2.5819393545715523
12.220972493740884 7.1439913993226645 2.761511142347987
10.42305219041974 7.756497166087109 2.8203693824161604
8.28423407256031 8.732251395880265 2.8066674570686514
6.265083142903262 9.523791064921502 2.8422915693840514
4.636931909883582 10.272647463482398 2.8438066068731342
2.808025904302294 10.520100139494767 2.8478400874547023
1.7347643223384017 10.891444167680485 2.8539290539910516
0.8746483242879456 10.950500467134583 2.8212112838674943
0.06577402075455652 11.383170578656724 2.7700813385760203
-0.7071616577907915 11.904771245212443 2.687685625033695
-2.328151637406739 12.360139267708323 2.674906140133028
-3.926707446314295 13.214142555060373 2.687832922807659
-6.0097445239699 13.605531900267732 2.757054561672735
-7.651023816444997 14.300090824287645 2.859685708122467
-9.104871711699628 14.20375480179861 3.0775946049726053
-10.73493962700117 14.186768264537804 -2.818047631148312
-11.937450346440293 13.410762421476196 -2.455743091566302
-12.475376660929062 12.292054554843661 -2.192082133153243
-13.209505482148222 10.669961122738087 -2.012091172574493
-13.98231026235477 9.055158120018557 -1.8924139587597237
-14.731287008301157 7.39401438710677 -1.822622544892993
-15.08766019957675 5.866104835756784 -1.7607135735972734
-15.195518815947388 3.9363454002570784 -1.753041702415094
-15.392749804324387 2.3566046344173843 -1.6855947340845308
-15.298392970214458 0.8712830714480078 -1.6323780041304345
-15.492602157488996 -0.7172615572848162 -1.543365259207373
-15.130769342291284 -2.571031609969226 -1.4827827954828166
-14.842658833780645 -4.364374048656118 -1.4335676102449815
-14.655914905379962 -5.9948698726753324 -1.3777192281599202
-14.595060995488357 -7.25909545977648 -1.2425553871869626
-13.736147610625174 -8.473716205933785 -1.0460497210372164
-13.078838492178912 -9.486988257348722 -0.8403717256707182
-12.179365212879397 -10.708625191137445 -0.6331369582288514
-10.519127146815583 -11.522622390440876 -0.4936536863335889
-8.370141337951418 -12.496602358937386 -0.44376661547939084
-5.553012734676753 -13.509402103922236 -0.385450713402239
-2.836896340578916 -14.678531318941243 -0.33750820052495206
0.085803987847207 -15.453151947663141 -0.2569637512017964
2.5059882466131884 -15.33865075232362 -0.11116846816983957
4.639351424274674 -15.06592296983054 0.034604433080850025
6.833238270227337 -14.530853284283005 0.16929240066918463
8.622966557046466 -13.934734584657132 0.36258789585014123
9.895992065059687 -12.821828126183114 0.556121541720025
11.07701555396601 -11.970200507460728 0.8326756939630893
11.76992780953575 -10.752790746174309 1.0920138877066503
12.018795092239333 -8.920246333219833 1.3238770020660333
12.462584249416262 -6.7627141726269056 1.4939193715987302
12.121901974320082 -4.6862618190430805 1.64662981033332
11.501222990175497 -2.651171948240798 1.9086210773902355
10.005369056036537 -1.401021922615436 2.2688789170386374
7.669768558353759 -0.8688913350052346 2.735236171833379
5.518498750376546 -0.49855409456631994 2.9840977018850863
2.963756704467215 -0.5212114113789457 3.08019324161657
0.11114198680610388 -0.5243009801602803 3.120626770926638
-2.8677966700404474 -0.5242748159864288 3.068482888350951
-5.495035267031929 -0.4843386356715292 3.0612155959867504
-7.143059718759006 -0.4953696494400687 2.990560500726086
-7.616279160476078 -0.47486902600059727 2.983303151657857
