0.0 0.0 0.0
0.003130003814955971 -0.0017897139766904296 -0.565388
-0.010282105233479197 0.013866445541942598 -1.069321
-0.014749328664774113 0.03175621677622309 -1.5732540000000002
-0.009825312562430476 0.04874898186680975 -2.132497
0.0035947790630138383 0.06216170495963024 -2.673304
0.008961464815543864 0.06260744483174323 3.0936580000000005
0.01253905063576877 0.06215924878208898 2.5651430000000004
0.01343298655753601 0.06037014884978386 2.0218780000000005
0.009412731087124707 0.0773653701179118 1.4872170000000002
0.017467365048809632 0.09480448912499675 0.9525570000000004
0.030439874668985005 0.10687569429078107 0.4056050000000005
1.0452199239885376 0.29755723902704184 0.12905600000000048
2.056838653229483 0.3759890351873677 0.012291000000000461
3.109574136561024 0.3564697592093371 -0.05530899999999953
4.163208468169415 0.35304992644451155 0.04301900000000046
5.2132940740436915 0.4551734807092107 0.02458200000000048
6.268717505584387 0.4526475838661521 -0.06145499999999951
7.320092435612947 0.36425778520453994 -0.10447399999999953
8.281112906705017 0.21283567934817268 -0.5530969999999996
8.53189230144119 -0.1816751458223919 -1.0201569999999998
9.05398559977764 -1.096818015451592 -1.0816119999999998
9.51748646285887 -2.0423548734973034 -1.1430669999999998
9.916132760416232 -3.019178874760482 -1.2168139999999998
9.980481409718227 -3.2016596993229793 -1.7084559999999995
9.770017163962635 -4.198888259512934 -1.8375119999999998
9.461170229217435 -5.180437326497614 -1.9174039999999999
9.023085693160796 -6.136012514155834 -2.071042
8.45532764063077 -7.024470050444042 -2.212389
7.790991964197461 -7.838216392382302 -2.2984259999999996
7.092247737353123 -8.55401350431536 -2.3967549999999997
6.294243464795814 -9.191968189994743 -2.538102
5.394747376943042 -9.736427360123743 -2.6671579999999997
4.454126385346242 -10.214241303168997 -2.734758307179586
3.5171134018973955 -10.578462190611347 -2.802359307179586
2.512132261231704 -10.914043636621532 -2.876105307179586
1.4933104648882536 -11.16599233635127 -2.9559973071795858
0.48032917313474677 -11.322239821317899 -3.011307307179586
-0.567520811814302 -11.424363095077018 -3.054325307179586
-1.5858360778914924 -11.460307759133602 3.1059490000000007
-2.6394532162570945 -11.394278025359492 3.0567850000000005
-2.9614371681661065 -11.358412516676987 2.5897250000000005
-2.960095650239071 -11.358860098682255 2.0673550000000005
-2.959202942406074 -11.365121334400937 1.5363820000000004
-2.9583071643511505 -11.360202230653677 1.2045230000000002
-2.9556229004083083 -11.356625258877838 0.6514260000000004
-2.9547283504421555 -11.356178290916954 0.7927730000000004
-2.946674777492816 -11.340974345253093 1.3151430000000004
-3.056960590563056 -10.701876702137085 1.7391840000000005
-3.134039201953024 -9.648220264930822 1.5794000000000006
-3.0689064743226075 -8.603994366098858 1.4380530000000005
-2.8673766754296053 -7.570986263440343 1.2905610000000003
-2.5428723530770023 -6.57155295162085 1.2229600000000003
-2.127146653819095 -5.609263419839212 1.0816130000000002
-1.8300473792002447 -5.065086039731445 1.4196170000000004
-1.6334501930309806 -4.080375652668159 1.3520160000000003
-1.3679738875567398 -3.065720868403211 1.1737960000000003
-0.8887523339447901 -2.1343065124081204 1.0263030000000002
-0.4207086636212429 -1.1939448146183484 1.118486
0.0607403612625011 -0.2938360231722853 1.0140120000000004
0.6763405648054772 0.5592784998536954 0.9525570000000003
1.3277111001512345 1.387786451344435 0.9771390000000002
1.9826579932284463 2.2113740709991427 0.8173550000000003
2.6934930746588996 2.9857528458940656 0.8112100000000002
3.4110345176357626 3.753421574976266 0.7866280000000002
4.188038050519781 4.458016855889896 0.7005900000000003
4.562443746995552 4.7781189871644205 0.25196700000000055
4.575860154354684 4.778115302898108 -0.251965999999999
4.591957141390348 4.768272183048504 -0.755898999999999
5.305052796137774 4.003341083419042 -0.8112089999999992
6.023066940588078 3.2352781378414686 -0.8050639999999992
6.749578388650252 2.468107286052506 -0.7866269999999992
7.439425288482297 1.7295677266563172 -1.1737949999999995
7.825110409724 0.7786861213795235 -1.1737949999999995
8.251051227025759 -0.14537416894590194 -1.1184849999999995
8.471407045785769 -0.5841512343659224 -1.5486719999999998
8.417459569976378 -1.610491660274303 -1.5609629999999997
8.504827041088065 -2.6534177961974326 -1.5179449999999997
8.558651651668765 -3.7030429251343473 -1.5793999999999997
8.5565735039074 -4.754887876304853 -1.610127
8.569254956488933 -5.802712852510528 -1.5978359999999998
8.480428461544564 -6.817417040831881 -1.70231
8.27666443689153 -7.843716325766445 -1.7883470000000001
8.001351766055922 -8.84987135024198 -1.898967
7.705918168447929 -9.842604440958915 -1.8313659999999998
7.458776760035696 -10.860394755438287 -1.837512
7.133378501761325 -11.858038967325474 -1.917404
6.6478969405194634 -12.785873895367184 -2.0710420000000003
6.6040498691571266 -12.859204886993822 -2.574975
6.602707737185705 -12.860993372881742 -3.0973443071795854
6.599577733370749 -12.859203658905052 2.669617000000001
5.743314785198252 -12.308895778181048 2.528269000000001
4.874990903538096 -11.709839196095816 2.503687000000001
4.033954507242562 -11.080377792904786 2.436087000000001
3.227812761083177 -10.408888786964184 2.3869230000000012
2.48116933344968 -9.668545223494018 2.3316130000000013
1.7917807879162584 -8.886179303168168 2.214848000000001
1.7144418217069146 -8.780615652673927 2.7433630000000013
1.7126527217746095 -8.781509588595695 -2.9559973071795853
1.702365704186048 -8.785531686199262 -2.409045999999999
1.7028132861913172 -8.784190168272225 -1.8559479999999993
1.7028132861913172 -8.784190168272225 -1.2844139999999988
1.7028132861913172 -8.784190168272225 -0.7067349999999984
1.6916341748141441 -8.77971496226392 -0.16592899999999855
1.6835840062395806 -8.779264643575528 0.39946000000000104
1.6835840062395806 -8.779264643575528 0.9587020000000007
1.6858217491895013 -8.774794016383503 1.517945000000001
1.6822478476355878 -8.760929412974715 2.0218780000000014
1.0451465709485406 -8.112294721300168 2.3008850000000014
0.3575495815249651 -7.320090593479796 2.2394300000000014
-0.24596339534658196 -6.499287884695497 2.1841200000000014
-0.7953416692228445 -5.598896018787803 2.0857920000000014
-1.2803117314917378 -4.664086391803299 2.0218780000000014
-1.719214619659123 -3.7140841524594497 1.9911510000000014
-2.0686772482765 -2.7730507464637677 1.9174040000000012
-2.3662461541468636 -1.770316112445816 1.8006390000000012
-2.448372204560625 -1.183102086861075 1.3581620000000008
-2.1659172570166603 -0.2248008802418111 1.1492140000000008
-1.6826852726444645 0.6538411681941328 0.946411000000001
-1.0089601988106727 1.4599823003091332 0.7804820000000008
-0.24045949593799376 2.1435608763954535 0.6637170000000009
0.6107517712516408 2.7399100850051568 0.5653890000000009
1.5205281222047358 3.2637946059126497 0.4854970000000009
2.475448851251462 3.699565648131923 0.368732000000001
3.471035068117203 4.0226276929266715 0.25811200000000106
4.498786398968162 4.22090830704234 0.12905600000000114
5.539482607441956 4.330637071130299 0.04301900000000116
6.582376813057049 4.301729011796172 -0.11061899999999869
7.6140544505874646 4.140896016985836 -0.20894799999999863
8.614395540844008 3.868267777169498 -0.27654799999999874
9.585200464030274 3.516044519677448 -0.4178949999999987
10.499615580952122 3.0149146144175387 -0.5715339999999985
11.381362176877644 2.440449753373143 -0.5838249999999986
12.198702683834531 1.8360397140062754 -0.6760069999999986
13.011106279756985 1.1676794837918594 -0.7436079999999986
13.763118849320554 0.43672593176656127 -0.8419369999999985
14.404196450787852 -0.3921364904109309 -0.9709929999999987
14.86776150802396 -1.1006505987465962 -1.450343999999999
14.868209090029229 -1.0993090808195607 -1.9911499999999993
14.107302544180873 -1.8137474815827948 -2.4397739999999994
13.303029333833454 -2.483899378631856 -2.4582099999999993
12.482214397194669 -3.1254264036235346 -2.464355999999999
11.639943383772673 -3.7396661645883276 -2.5442469999999995
10.763248188324432 -4.309622771952409 -2.5749749999999993
9.869135979466979 -4.791026301200013 -2.906833307179585
8.879819594941315 -5.081890687657122 -2.8515233071795856
8.937522673091046 -5.036290744981214 3.0752210000000018
7.919232582833651 -4.98055662541706 3.1305310000000017
7.02839774844363 -4.927093574276059 -2.8269413071795855
6.06322684447146 -5.232722640507576 -2.8146503071795856
5.04529591382785 -5.497640779635564 -3.029743307179585
3.9952483787054627 -5.4611281245225625 3.0444940000000016
2.9407268656635415 -5.431322445000356 3.0998040000000016
1.8862084228435467 -5.390336426012207 3.1120940000000017
0.8504982489550126 -5.257229567797519 2.9031470000000015
-0.16370465499397024 -4.974759269143922 2.9031470000000015
-0.6855735499426033 -4.8677319058899675 2.8171090000000016
-0.7039047627382994 -4.851179968316411 2.2763030000000017
-1.1799391500558323 -3.947677748014091 2.030482000000002
-1.6094593953109742 -3.0298774653185774 1.9727140000000016
-1.7109057713219231 -2.770912925672229 1.6101280000000013
-1.5626032305259618 -1.7700895864192598 1.4319080000000013
-1.4245741983420852 -0.7240948511197058 1.4257620000000013
-1.2276332036686708 -0.11593842007827815 1.0508850000000012
-0.7309817417154161 0.7738802835572979 1.0447400000000011
-0.2280610614664702 1.693660577637324 1.081613000000001
0.3772533525767148 2.547225138846116 0.897247000000001
1.1305589869125063 3.2679266174611894 0.663717000000001
1.9495854906965935 3.9175030841679326 0.719027000000001
2.7909659189243294 4.542476663605747 0.571534000000001
3.6345830290896397 5.169685696892365 0.7743370000000009
4.430810482602351 5.8514678045137565 0.5162250000000012
5.304809747264425 6.375362150131414 0.5653890000000011
6.214122551058234 6.839767387888964 0.3871680000000013
7.203004862555106 7.178483750069189 0.26425800000000144
8.229417131656572 7.386156217762882 0.11062000000000158
9.27011149799721 7.4891767781712755 0.0983290000000016
10.320183594895012 7.542106838785824 0.06145600000000159
11.340741069309246 7.600411567729911 0.03687400000000163
11.387698495066209 7.600398672797819 -0.442476999999998
11.395745479989689 7.593240598011867 -0.970992999999998
11.402894791691866 7.567747906055444 -1.4872169999999982
11.40082016112039 6.527082399800915 -1.6039819999999985
11.306619164922905 5.485100551439148 -1.7207469999999985
11.108219703383664 4.454774423622357 -1.7822019999999985
10.738554090200223 3.4786090685565707 -2.015731999999999
10.260224630376884 2.538697408949607 -2.095623999999999
9.71304491133468 1.673936543120853 -2.0648959999999983
9.186870230276465 0.7581875573101741 -2.157078999999998
8.60124451211003 -0.0542387582545365 -2.193951999999999
8.096087149923509 -0.9762545061833663 -2.101768999999998
7.503736648879105 -1.8490528127310166 -2.2185339999999987
6.842529748171982 -2.6690610044323453 -2.224679999999999
6.250221002145779 -3.3898066942431617 -1.8252209999999984
6.251115552111933 -3.389359726282278 -1.3212879999999982
6.255585845765154 -3.396069158050615 -0.8050639999999979
7.077846684558076 -3.996902839686027 -0.639133999999998
7.912172588072929 -4.633069709873503 -0.657570999999998
8.756343286494118 -5.248668351788904 -0.608406999999998
9.281718091146319 -5.615526892152439 -0.11061899999999832
9.281718091146319 -5.615526892152439 0.44862400000000124
9.282165673151589 -5.6141853742254035 1.0078660000000013
9.285298133144085 -5.607030816629338 1.5548180000000018
9.283510875344936 -5.601216548871541 2.098082000000002
9.283510875344936 -5.601216548871541 2.675762000000002
9.270542049991072 -5.599871346678191 -3.048180307179585
9.253993796683828 -5.604786152114755 -2.5196649999999994
9.253545767710598 -5.606126775491826 -2.316862999999999
9.248626496886912 -5.607467959880058 -2.845377307179585
9.22671278591591 -5.608356369402358 2.9215830000000014
9.220452164241612 -5.607013009342165 2.380777000000002
8.604861227716041 -4.797834537762766 2.147247000000002
8.065769357383953 -3.8956566421446928 2.0427730000000017
7.601372102203412 -2.9572749557394307 1.985005000000002
7.48606726322753 -2.679523638715108 2.436087000000002
7.491880302896558 -2.6822085167023366 2.9523110000000017
7.4829354172794185 -2.684442128417984 -2.8269413071795855
7.468622003776592 -2.6938296836853106 -2.2431159999999997
7.463252247802136 -2.7054557630233673 -1.7268919999999992
7.46325163375775 -2.707691830916556 -1.1369219999999987
7.468616477377124 -2.713954294724009 -0.6206979999999988
7.468616477377124 -2.713954294724009 -0.1106189999999992
7.462802209619325 -2.7157415525231587 0.4486240000000002
7.462802209619325 -2.7157415525231587 0.9955760000000002
7.462354013569671 -2.7193191383433835 1.585546000000001
7.462353399525285 -2.721555206236572 2.1226650000000014
7.452070066203035 -2.712160896481007 2.694199000000001
7.451175516236882 -2.7126078644418907 -3.029743307179586
6.448475882748891 -2.8827209004004954 -2.9621433071795864
5.411351733695853 -3.013022471576807 -3.060471307179586
5.141228346137047 -3.0362034011042236 2.7187810000000012
5.146593189756421 -3.042465864911677 2.1964110000000012
4.809217117414462 -2.058503271206452 1.8375120000000011
4.577393028723421 -1.0396870012624688 1.7391840000000012
4.539454787954221 -0.7668762795388928 1.2106690000000004
4.540349337920373 -0.7664293115780094 0.7067360000000003
4.534982038123458 -0.7691111193433112 0.1905120000000005
4.534982038123458 -0.7691111193433112 -0.31342199999999903
4.535429006084341 -0.7700056693094637 -0.8665189999999987
4.53900474977141 -0.7771620690386841 -1.376596999999999
4.537657091400521 -0.7990751659653023 -1.8805309999999997
4.532287949470449 -0.8084651774101701 -2.3967549999999997
4.526473067668265 -0.8124885031025082 -2.9437063071795864
4.52289548184804 -0.8120403070528538 -3.0113073071795866
4.512160882254209 -0.8174039225834574 -2.4520639999999996
4.50992358627225 -0.8218754443254495 -1.8743849999999995
4.439559876698459 -1.3723760786348165 -1.4134709999999988
4.650497437971876 -1.9086431252114486 -1.3520149999999989
4.658531808468846 -1.9649942466795915 -1.9051119999999997
3.9825737369637917 -2.759954425284262 -2.323008
3.7150658403766723 -3.029997987072977 -2.888396307179586
3.70880460465799 -3.0308906949059735 2.8294000000000015
3.2312979079593482 -2.603223353847584 2.386923000000002
2.520441391327035 -1.8271125287965633 2.2332840000000016
2.1721888751382363 -1.365045233948539 2.688053000000002
2.1712943251720835 -1.3654922019094229 -3.0789073071795854
1.8380784540687607 -1.5174533260328447 -2.728613307179586
0.9319060928444591 -1.9456351235828757 -2.691740307179586
0.1581105474123321 -2.368039496038227 -2.181661
0.1581105474123321 -2.368039496038227 -1.6162729999999996
0.1567696435296812 -2.365355846139769 -1.020156999999999
0.15542812560264507 -2.3649082641345003 -0.5039329999999994
0.15542812560264507 -2.3649082641345003 0.04916499999999992
0.15811177550110275 -2.3635673602518494 0.5592429999999995
0.1661639532852464 -2.3550725128175194 1.1123409999999996
0.1661639532852464 -2.3550725128175194 1.6715830000000005
0.16214124163729368 -2.347021563122146 2.147247000000001
-0.39171899273551103 -1.4824055554167006 2.0980820000000007
-0.8538820221560182 -0.5507326867353909 1.9542770000000007
-0.8811446115923777 -0.48722086722733 2.4975420000000006
-0.7532571248293691 -0.544052115053164 3.1120940000000004
-0.751915606902333 -0.5444996970584329 -2.6179930000000007
-0.7572841347880189 -0.5516536406101121 -2.0464600000000006
-0.7613142149685953 -0.5704355056330039 -1.4995079999999998
-0.7581860532867952 -0.5789334232892606 -0.9341189999999993
-0.7555036314771082 -0.5820646551929872 -0.42404099999999956
-0.9974434757248339 -0.5721595168604654 0.061455999999999796
-0.7044811250096052 -0.43583981519042947 0.4117509999999994
0.25445494715245043 -0.034952537384795535 0.3195679999999996
1.2920027304797301 0.009483903884191444 -0.036873
2.177909250456711 -0.07662438759971905 0.2704029999999996
2.17254133661541 -0.08154226325820955 0.8480829999999996
2.1720937546101413 -0.08288378118524578 1.407326
2.3664653116407677 0.9398403741066349 1.308997
2.435846662901306 1.1701363317291296 0.7620459999999997
2.4349521129351537 1.169689363768246 0.23967599999999978
2.9197030177101158 1.065355475122914 -0.23967499999999978
3.902589918355521 0.7426445510133127 -0.35029499999999963
4.889944042432221 0.402043855669431 -0.31956699999999966
5.09698170093475 0.3210413374259186 -0.8173549999999995
5.5471809829569025 -0.20634714032718776 -0.4977869999999996
5.478762954633672 -0.18575652595166056 0.04301900000000006
5.466239869151922 -0.18977800951084264 0.6022619999999999
5.462213473237657 -0.19514346717460185 1.1369230000000001
5.462214087282043 -0.19290739928141315 1.6592920000000004
5.459979247477626 -0.18843464945065047 2.2148480000000004
4.846636045688565 0.6632284980549504 2.153393000000001
4.52926054741947 1.1954998509365842 1.9542770000000005
4.5288141935029715 1.1986304687959257 1.3888890000000003
4.529709357513509 1.2013135046499979 0.8665199999999997
5.418024491855952 1.7435396771077358 0.5162249999999996
6.35595552603402 2.195415074895295 0.4301869999999996
7.114515475999829 2.507361868928942 -0.06145500000000005
7.102889396661773 2.5127316249033993 -0.6206979999999996
7.0899248696186055 2.5297293023490677 -1.1246309999999995
7.087693100036114 2.5453823916457745 -1.6347099999999997
7.089484042101574 2.5529845312471076 -2.163224
7.0876949421692705 2.5520905953253408 -2.6794493071795875
7.071147302906412 2.5494118577819656 3.050639
7.059968191529238 2.553887063790269 2.5405610000000003
7.053261215938443 2.558361041709803 2.724926
7.039398454662813 2.5614953438354564 -3.011307307179587
6.027319248484506 2.4347646039911317 -3.005161307179587
4.986165633295277 2.287917235685118 -3.011307307179587
4.624354865494339 2.2334565314728576 2.774091
4.625696383421374 2.2330089494675884 2.270157
4.546175385224751 2.5353471886068224 1.806785
4.356831674149215 3.5362632485619745 1.7023110000000001
4.315387076708487 4.068906041945097 1.1737959999999996
4.3167292086799085 4.070694527833017 0.6575719999999993
4.309573422995074 4.069354852039137 0.13520199999999935
5.329210557578971 4.033297761508411 -0.12291000000000044
5.92979309506079 3.9410068319871385 0.30113099999999926
5.928450963089368 3.9392183460992185 0.8050639999999992
5.9687364137855 4.071135298998418 1.3212879999999998
6.2525332127953055 5.0334606124308285 1.2168139999999996
6.677204078175936 5.995748135002887 1.1000489999999996
7.2091905708144095 6.904340107039959 0.9709929999999993
7.5742553793961385 7.408696811699652 0.4424779999999993
7.593039086552187 7.411374935198642 -0.1106190000000004
7.595275154445375 7.411374321154256 -0.6268430000000002
7.599745167593015 7.406900510311147 -1.143067
7.599298480137713 7.405559439352072 -1.6961650000000004
7.5970599560669845 7.396615781823703 -2.2185340000000005
7.595270856134679 7.395721845901936 -2.7716313071795864
7.606005122189706 7.396613772614123 2.964602
7.6131596797857695 7.393481312621626 2.460669
7.6153942390846066 7.391244183716091 2.3377580000000004
7.6153942390846066 7.391244183716091 2.88471
7.601976937175508 7.391247421014442 -2.8638143071795863
7.597057499889442 7.387671510250948 -2.292281
6.94032887541255 6.590022769392738 -2.292281
6.231283507958786 5.818773998312771 -2.298426
5.513296939154195 5.0587080228762895 -2.3107170000000004
5.261439061641856 4.779715891204122 -1.8313659999999996
5.26188602960274 4.77882134123797 -1.2782689999999994
5.263226933485391 4.776137691339512 -0.7436079999999996
6.070266913877241 4.118512060718925 -0.7681899999999995
6.809758240092214 3.39024522881401 -0.7497539999999996
7.567586919546738 2.667787138267427 -0.7620449999999994
8.248028737329863 1.8764794025463618 -0.9587009999999996
8.78405139424114 1.1974619423306634 -0.6575709999999995
9.536963426125943 0.4848439014117586 -0.8542269999999996
10.14092521309153 -0.33014515365912844 -0.9955749999999993
10.143607634901215 -0.3332763855628557 -0.46705999999999953
10.141819149013296 -0.33193425359143336 0.10447400000000018
10.628463541266067 -0.05524266447291437 0.49778800000000006
11.613312368821632 0.24903980440005885 0.20280300000000018
12.641950600600538 0.4231701926835727 0.12291100000000023
13.199638670397196 0.4726573102747033 0.5776800000000001
13.19516558702763 0.4659507816518688 1.1061950000000003
13.1951668151164 0.4704229174382462 1.6408560000000008
13.193826525278133 0.4753426352298923 2.1656840000000006
13.19561590571602 0.47400095022643207 2.7003440000000007
13.196509561132206 0.4744474712193549 -3.005161307179586
12.182164812930216 0.24038608654635532 -2.9498523071795866
11.170501258449141 -0.001278665816748098 -2.9252703071795865
10.15973593820053 -0.22908004285983521 -2.955997307179586
9.86456146732314 -0.2781924826511252 -2.4950830000000006
9.865009049328409 -0.27685096472408893 -1.9235490000000004
9.863217493218563 -0.2866891722186104 -1.3950339999999999
10.08029225324483 -1.2737492253863703 -1.401179
10.188233145489253 -2.3108672339955545 -1.505653
10.193761882607879 -3.3488515465291657 -1.640855
10.06378564225253 -4.384115366501201 -1.7637660000000002
9.806360286473662 -5.394747439118197 -1.874385
9.430435613243498 -6.360625609518995 -2.0218770000000004
9.414325731275742 -6.397739915426354 -1.481071
9.418796024928964 -6.404449347194691 -0.8972460000000001
9.419242992889847 -6.405343897160844 -0.3810220000000003
10.400810481206086 -6.647108795110381 -0.3072760000000003
11.348356377798844 -7.008716704110213 -0.4363320000000002
12.246664235392858 -7.535781917329467 -0.5776790000000003
13.187482111809294 -7.971179119221335 -0.43018700000000026
13.297928970970865 -8.022192247946634 -0.0307270000000005
13.298375938931748 -8.023086797912786 0.5653889999999994
13.307324175276397 -8.011908467656424 1.1246319999999996
13.308218725242549 -8.01146149969554 1.6531470000000001
13.324300194092155 -8.079443279318017 2.153393
13.326535200972998 -8.081679066705625 2.724926
13.313118960076245 -8.079440656064051 -3.023598307179587
13.308199242898644 -8.080778709834423 -2.5196650000000007
13.302830994904493 -8.090170510379224 -1.941986
13.300591242744995 -8.103586303693971 -1.4257619999999998
13.299694403677725 -8.110740580784453 -1.9296950000000002
13.292537056365315 -8.121024081183128 -2.4582100000000007
13.287616444023703 -8.122364817989356 -2.9805793071795863
13.275095200675109 -8.11967809786897 2.749508
12.436730006313901 -7.535834111102217 2.497542
11.622066394767232 -6.954679914677774 2.5958710000000003
10.744792268166895 -6.375744592903732 2.5221240000000003
10.523911944777026 -6.220054494502493 2.036627
10.523911944777026 -6.220054494502493 1.7207480000000002
10.518547882278462 -6.209319000358697 2.2640120000000006
10.513182424614703 -6.205292604444432 2.804818
9.616662885832186 -5.681806485639756 2.5282690000000003
8.774721333739524 -5.09304216703697 2.497542
8.76756677614346 -5.089909707044472 3.007621
8.771591943968952 -5.08901638516709 -2.710176307179587
8.772486493935105 -5.088569417206206 -2.16937
8.187740141701614 -5.954213499696596 -2.212389
7.524749500385228 -6.7572279787241465 -2.304572
7.3306241751531145 -6.883288908847345 -2.4582100000000002
7.325703843317083 -6.886865266578799 -1.905112
7.325701554215966 -6.8935725757084 -1.3704519999999996
7.332407134641566 -6.904755651857465 -0.8234999999999997
7.340902596120282 -6.91057176174842 -0.30727600000000005
7.339561078193245 -6.910124179743152 0.2826949999999999
7.340455628159399 -6.909677211782268 0.7927730000000002
7.341350792169936 -6.906994175928195 1.3397250000000003
7.341353862391863 -6.895813836462251 1.5179450000000005
7.651540472930942 -5.921420555162405 1.2536880000000004
7.983645092751724 -4.93048638908794 1.2659790000000004
8.216422736021535 -4.105441197117371 1.7944940000000005
8.034923655727905 -3.8518212376256806 2.165684
7.3669981689382915 -3.0810887651705103 2.3684860000000003
6.641823326448072 -2.3322540385323247 2.30703
5.90770359834071 -1.585652923609787 2.3254680000000003
5.163294396467246 -0.8520181778635715 2.343904
4.580747772783413 -0.22307586633208587 2.7679449999999997
4.570461983283622 -0.2226258281492755 -2.955997307179586
3.675906490731597 -0.6897184000715932 -2.6487209999999997
2.72680002944267 -1.1237021844917163 -2.7716313071795855
2.02506027450376 -1.3480107138397528 -2.4766469999999994
2.0232705605270698 -1.351140717654709 -1.9604219999999992
2.021924744289336 -1.366345610901761 -1.4073249999999988
2.0263938098537873 -1.3775271784564753 -0.8726639999999989
2.0389132110692256 -1.3869221022564255 -0.3257129999999993
2.0429383788947195 -1.3860287803790439 0.2150940000000004
2.1265840201072588 -1.3252306989443208 0.7374630000000005
2.947376290137009 -0.7597308762569829 0.5162250000000005
3.844630169652738 -0.23763177101548438 0.5469520000000004
4.7185901354741535 0.14315422943809364 0.6575720000000005
4.7239580493154545 0.14807210509658433 1.1615050000000007
4.723064113393687 0.14986120502888944 1.6654380000000009
4.686231039814803 1.1900901820770842 1.5486730000000009
4.6871390987574335 1.2397306436881201 2.073500000000001
4.68490364490863 1.241967325625694 2.6573260000000003
4.681773641093674 1.2437570396023845 -3.072762307179586
3.6987338433963255 1.0096870583079909 -2.9621433071795864
2.663902254319926 1.0851031192606573 2.983039
1.6693487474070343 1.2656033183942585 2.9338740000000003
1.5356347119985203 1.2759259505571687 2.823255
1.7475933163814656 1.2007358579382992 2.3070300000000006
1.7493818022693854 1.1993937259668777 1.7637660000000008
1.7511721302904613 1.2047597976750224 1.2536880000000008
1.755198526204726 1.2101252553387818 0.7251720000000005
1.755198526204726 1.2101252553387818 0.22123900000000032
2.536012925423762 1.1352261634069252 -0.2519659999999997
3.551124502359759 0.9046323942575512 -0.19665599999999972
4.4955881235231905 0.7169905324599772 0.2826950000000002
4.494693573557037 0.7165435644990935 0.8480830000000005
4.493351441585616 0.7147550786111739 1.3581620000000008
4.582183295853029 1.7473469155280723 1.4441990000000007
4.865992042211736 2.7499218980058417 1.2106690000000007
5.279018740461552 3.654968828575111 1.0939040000000007
5.7524303246264 4.600248402023374 1.0508850000000007
6.295143434281695 5.485135106979596 0.9771390000000005
6.866885513663397 6.224669416301541 1.2106690000000007
6.8677819057627065 6.231824587941992 1.7637660000000008
6.8624167816377515 6.240322672674672 2.2824480000000005
6.320944209443123 6.612553538619363 2.7433630000000004
5.313000699079668 6.889208341426391 3.0690760000000004
4.328272504729207 7.020959558693184 2.6819080000000004
3.7407588818360584 7.4763843526108715 2.5835790000000003
3.7054342899053907 7.4956242383935825 3.0936580000000005
3.704539739939238 7.495177270432698 -2.6671579999999997
3.7031976079678164 7.493388784544779 -2.1632239999999996
3.7031976079678164 7.493388784544779 -1.6347099999999992
3.7058775735999623 7.481313281068297 -1.1061939999999995
3.71839574672663 7.467446221481969 -0.5346609999999999
4.638178496984197 6.973469812805777 -0.5408059999999999
5.540531952944844 6.523325124382289 -0.3441490000000001
6.514009192725049 6.134429169620719 -0.4854960000000001
6.652179398765922 6.065967544146131 0.01843699999999986
6.64770664893516 6.063732704341714 0.5653890000000001
7.378645463895211 6.762079644468751 0.8235010000000001
7.692236499737857 7.1054535838397195 1.3274340000000004
7.692236499737857 7.1054535838397195 1.8743860000000006
7.0748567437855625 7.9115024985721245 2.1841200000000005
6.4968372393772045 8.743925313327052 2.1288110000000007
5.970713580354598 9.64252193885859 2.0280240000000007
6.0104753075416815 9.49582495507535 1.9174040000000006
6.106540260734852 9.182749046120357 1.3765980000000004
6.102960832781471 9.176489038490445 0.8296460000000004
6.09356713707029 9.168441773061383 0.32571300000000025
6.084622865497536 9.168444229238924 -0.20894799999999963
6.074338304086514 9.173366403208112 -0.7128809999999994
6.459615475702416 8.368723313986777 -1.1061939999999992
7.099813597807611 7.597551242103347 -0.8357909999999994
7.698900492221679 6.944454853396972 -0.3318579999999997
7.698900492221679 6.944454853396972 0.2396760000000003
7.75078958311919 6.986031917348504 0.7497540000000005
8.558182972571402 7.618617014129855 0.5653890000000006
9.481367748306619 8.113428968159582 0.46091500000000046
10.40409818754833 8.582302657437197 0.4977880000000005
10.962744948432794 8.86255218295561 0.9279750000000005
10.96140371101134 8.860764144035652 1.4380530000000007
10.963638550815757 8.85629139420489 2.0095870000000007
10.96632035858106 8.850924094407974 2.5344150000000005
10.965873390620176 8.851818644374127 3.0506390000000003
10.964977946104057 8.851371229445283 -2.685594307179586
10.95468908638234 8.84064092816215 -2.114059999999999
10.954242118421456 8.841535478128304 -1.567108999999999
10.951554784256686 8.82677816688652 -1.898966999999999
10.881322480181353 8.754796061719542 -2.458209999999999
10.052032906539731 8.188404145243592 -2.501228999999999
9.241959551455375 7.567894551938722 -2.4705009999999987
8.361256434457655 7.066361833450186 -2.697885307179585
7.45462666651792 6.601061431682099 -2.704031307179585
6.514023596251496 6.1836231102388295 -2.9498523071795857
6.438887873077339 6.1729101692749095 2.847837000000001
6.4402284964544085 6.17246214030168 2.3131760000000012
6.470175016294806 6.108055603751041 1.8129300000000013
6.470618299989379 6.093744646425757 1.3089970000000015
6.471064987444681 6.095085717384832 0.7743370000000014
6.469277676612309 6.094192675398987 0.2212390000000011
6.5600548752730745 6.071359405718456 -0.3011299999999991
7.497748274274023 5.657876528841977 -0.5592419999999991
8.402319990840684 5.142885257471632 -0.5715339999999991
9.242018720551918 4.529524806088157 -0.626842999999999
9.96541674399754 3.8245175013919797 -0.7558989999999988
10.702668318053014 3.082834876172319 -0.8112089999999991
11.006690655534666 2.7808822005554372 -0.3134219999999991
11.011161896771075 2.7808805254987052 0.20280300000000095
11.020108290982567 2.7853506520755027 0.7436090000000013
11.024583163452066 2.7920580746342596 1.3089970000000015
11.025030464951755 2.795635213486523 1.8252210000000013
11.016090491689695 2.811290144916385 2.393068000000001
10.227378653871616 3.4411834984974723 2.436087000000001
9.450311650261957 4.137260821718181 2.417650000000001
8.662952997214234 4.809191883264585 2.393068000000001
8.271292061508166 5.163493065089948 2.8970010000000013
8.274423573917474 5.163939865974408 -2.882251307179585
8.110256488402303 5.022664999014801 -2.4274819999999995
7.386497406858115 4.412864382516004 -2.0341679999999993
7.386497406858115 4.412864382516004 -1.5179449999999994
7.529528382429643 4.131080529133563 -1.1184849999999997
7.913417982789609 3.159179929928342 -1.1983769999999998
8.061791082338255 2.788399100690465 -1.6715819999999997
8.059999526228408 2.7785608931959427 -2.175515999999999
8.056868294324682 2.775878471386256 -2.6794493071795857
8.04837099071281 2.7749863775976444 3.069076000000001
8.042109474488546 2.7763292906898758 2.534415
7.959417612008732 2.9284050740369274 2.0157330000000004
7.6851036545308276 3.933816156497138 1.7576210000000008
7.602084562745264 4.522819728982145 2.165684
7.602531530706148 4.521925179015993 2.712635
7.596270909031852 4.523268539076185 -3.035889307179586
7.092195994393391 4.285936534423992 -2.790068307179586
6.122985185530481 3.925748516878564 -2.747049307179586
5.114453476997518 3.689002254218336 -2.919124307179586
4.085825403467583 3.555120641044258 -3.115781307179586
3.0916408808786393 3.4507456677767374 -3.011307307179586
2.0549888756062833 3.411228330255011 -3.078907307179586
1.9145611101187354 3.4014281935123787 -2.574975
1.915455660084888 3.4018751614732623 -1.9911499999999998
1.8154526770173105 2.4028274131761207 -1.7084559999999998
1.8109651901213002 2.346926943935173 -1.1430670000000003
1.8087297362724968 2.3491636258727473 -0.5838250000000004
1.8176733938008665 2.346925101802017 -0.06760000000000028
1.818567943767019 2.347372069762901 0.4793510000000001
1.820357043699324 2.348266005684668 1.0263030000000002
1.8199094616940552 2.3469244877576316 1.5855460000000003
1.6837911665824035 3.3733171074387656 1.628565
1.6717997871867105 3.6769784431734767 2.067355
1.6717997871867105 3.6769784431734767 2.638889
0.6316144072898726 3.7989061900109937 3.032203
0.5336768441279931 3.8069829295705504 -2.7163223071795866
0.5314395481460342 3.8025114078285585 -2.1509329999999998
0.2825157942897344 2.808423904252494 -1.782202
-0.00040024423597706527 1.7995876860560411 -1.8866759999999996
-0.11406642415395707 1.5303963051708918 -2.421337
-0.12122220983879231 1.5290566293770116 -2.925270307179587
-1.1578926364427076 1.422457255059624 -3.066616307179587
-1.2585175337693566 1.4157766833773973 2.7433629999999996
-1.2647775413992686 1.4193561113307782 2.2087019999999997
-1.2638836054775013 1.417567011398473 1.702311
-1.263435409427847 1.4211445972186978 1.161505
-1.2598565955188514 1.425168536955421 0.6452809999999999
-0.30093464637765843 1.7746262532177144 0.32571299999999975
0.09310325389141472 1.930148383962957 0.841937
0.6666694337353867 2.798032499118428 0.995576
0.7937127221718386 2.9241118505731865 1.487217
0.7928200143388423 2.930373086291869 2.048918
0.10522118278211112 3.7158690104326766 2.3193219999999997
-0.617268781720881 4.470516776739891 2.3439039999999998
-1.3876248449678519 5.173300908474972 2.429941
-2.098041148127519 5.923920436734766 2.2271389999999998
-2.749856138904992 6.734003282990486 2.2394299999999996
-3.368147918571807 7.479230949677951 2.7863819999999992
-3.366806400644771 7.4787833676726825 -2.943706307179587
-3.997023299265294 7.140415726351692 -2.814650307179587
-5.001099451210282 6.843294402486598 -2.876105307179587
-5.0954692532621015 6.81514585970548 -2.298426
-5.092785603363644 6.816486763588131 -1.726892
-5.09100096881846 6.799491261814422 -1.2168140000000003
-5.089213990910847 6.795914851049743 -0.6575710000000006
-5.086977476049697 6.795913342455392 -0.11061900000000047
-5.0722189367191435 6.797698144077001 0.4117509999999998
-5.065062536989923 6.8012738877640695 0.9464110000000001
-5.062377659002695 6.807086927433097 1.505654
-5.061928848908655 6.812900581146511 1.007866
-5.046272689390022 6.826312690194945 0.47320599999999985
-4.083786663405081 7.126128716757433 0.2581119999999997
-3.138321648552451 7.328009636335581 0.6637169999999999
-3.139216812562989 7.325326600481509 1.204523
-3.139216812562989 7.325326600481509 1.739184
-3.35495251083976 8.302994800071247 1.665438
-3.538028064631951 9.331637277127626 1.7514750000000001
-3.7027665993374415 10.361614570656029 1.720748
-3.817871873888095 11.36608795296669 1.6531470000000001
-3.839953329701087 12.381268022368264 1.560964
-3.8263402610622284 13.099043026365502 1.9727139999999999
-3.825893293101345 13.09814847639935 2.4913959999999995
-3.831258917841528 13.099937909870459 3.044494
-3.839309700460477 13.098152160665661 -2.6978853071795865
-3.8491499171645795 13.090998550652786 -2.157079
-3.8518369171765006 13.080715164297315 -1.591691
-3.84915633749997 13.070875728714022 -1.0631750000000006
-3.8370840713218386 13.060138392437068 -0.46706000000000086
-3.8299293466493505 13.059242894887728 0.04916499999999937
-3.828587381754353 13.058794418332493 -0.2765480000000008
-3.8138323596136865 13.049399775038124 -0.8050640000000007
-3.804890878371322 13.035979122401518 -1.3151420000000003
-3.8105453838641417 11.989054503067043 -1.591691
-3.884621154978543 10.949303196198997 -1.683874
-4.032036681417401 9.919857047745491 -1.7699109999999998
-4.105931923482519 9.537509701474933 -1.2413960000000004
-4.1077208563384 9.538852727996321 -0.6514250000000007
-4.095647194995075 9.534824489948901 -0.11676400000000074
-3.2566944165087457 9.462145500756213 -0.17207400000000073
-2.2482896480871197 9.238262671969528 -0.22738400000000072
-1.2752325253912669 8.946411292031259 -0.32571300000000075
-0.29503971339887103 8.584346309854798 -0.4240410000000009
0.6404047227767966 8.12390662126574 -0.5285150000000008
1.4193182659853996 7.641149236851764 -0.08603700000000064
1.4211073659177045 7.642043172773532 0.5039329999999996
1.426922247719889 7.64606649846587 1.0447399999999998
1.8681324892807876 8.584199496895078 1.0693219999999997
2.38087909613655 9.457466877001483 1.0201579999999997
2.912413708459059 10.349064855859199 1.0017209999999999
3.044399601405838 10.561455971643362 1.5609639999999996
3.04082508580754 10.57308450715896 2.122664999999999
3.0327776533020554 10.580241240426984 2.663470999999999
3.027411581593909 10.58203156844806 -3.0850533071795874
3.0251755137007215 10.582032182492446 -2.5442470000000004
3.0251755137007215 10.582032182492446 -1.9788590000000001
3.0251755137007215 10.582032182492446 -1.4564890000000004
3.030539296307749 10.573534545341769 -0.8972460000000009
3.029644746341597 10.573087577380885 -0.4670600000000008
3.0332215510410117 10.568166350994888 -0.9955750000000007
3.0399254564098808 10.552512033609412 -1.5240900000000002
3.036342958234573 10.535071686513556 -2.064896
2.283946610930182 9.868482805295898 -2.5012290000000004
1.9054930269866595 9.464752840096008 -2.058751
1.467923617817674 8.756486638615586 -2.206243
0.6846705160582944 8.093483939839546 -2.654866
0.07146234768237691 7.808330047639118 -2.273844
0.07012021571095536 7.806541561751199 -1.7576200000000002
0.07101230949956655 7.798044258139328 -1.1983770000000007
0.07682350703543928 7.788651176472533 -0.6575710000000008
0.07727047499632304 7.78775662650638 -0.09832800000000069
0.08040109285566419 7.788202980422879 0.5039329999999996
0.08263777479323779 7.790438434271682 1.0508849999999998
0.08398113485343038 7.796699055945979 1.5916919999999994
-0.16494747500632362 8.413474985431957 1.9235499999999992
-0.46163042753192707 9.385351636906153 1.8375119999999991
-0.8710148418730084 10.345632577722753 2.091936999999999
-1.4253946685205874 10.945050161554928 2.509832999999999
-1.4303133252998876 10.945945045059883 3.093657999999999
-2.432087706602459 10.8880823717216 -3.1157813071795872
-3.427573053112583 10.93397242385296 3.019911999999999
-4.465505785917828 11.11627338976219 2.9215829999999987
-5.45020679523891 11.34864855677244 2.878563999999999
-5.459150005799319 11.350886186293206 -2.833086307179587
-6.35370533127492 10.886030576814042 -2.6733040000000003
-7.290743824696414 10.425656980864645 -2.722467307179587
-8.243416986083055 10.030133652128418 -2.8023593071795867
-9.238467645520002 10.030407796429852 3.136675999999999
-10.25229296852364 10.059307873186974 3.075220999999999
-11.277722265267466 10.174076150073345 2.964601999999999
-11.429775943016645 10.171882731748324 -2.8085043071795868
-12.408333947293876 9.971351646213026 3.1305309999999995
-13.427513061117953 10.046763408854996 3.007620999999999
-14.459629684032242 10.23755983624294 2.872418999999999
-15.454149252041562 10.543278495877185 2.780235999999999
-16.236234387006895 10.87800993997417 -3.0911983071795874
-17.233989907390207 10.79644518320612 -3.0850533071795874
-18.281372995066505 10.762743675069768 3.1366759999999996
-19.317102985451793 10.822059398259265 3.019911999999999
-20.34564124142505 11.0168806599339 2.872418999999999
-21.326285933733413 11.361951648931004 2.7495079999999987
-21.68893610093498 11.512762670513228 -3.0297433071795874
-21.68893610093498 11.512762670513228 -2.525811
-21.688486282861817 11.51410418782622 -1.9727130000000002
-22.11538997945133 10.565232345139751 -2.1693700000000002
-22.716677103030282 9.71703368856268 -2.2492620000000003
-23.429299555689045 8.95294176479394 -2.3721720000000004
-24.186173117597274 8.266230842144278 -2.409046
-24.95155057175728 7.556263569188301 -2.464356
-25.372916483706366 7.222758372454697 -2.0526050000000002
-25.9080344881401 6.313721835601056 -2.157079
-26.580849827974536 5.561692406333505 -2.4766470000000007
-27.493302626755842 5.061065069886366 -2.7101763071795864
-28.348091313303325 4.46739878370158 -2.445919000000001
-29.189467276143937 3.8603146419592442 -2.6487210000000005
-30.133210288978685 3.4133592955021372 -2.759340307179587
-31.095696200920425 3.1090729216391595 -2.8945423071795875
-32.114060090547255 2.900949241321157 -2.8945423071795875
-33.105584464000806 2.7107076295519614 -2.8761053071795875
-34.10964772101371 2.4605437314438325 -2.820795307179587
-35.113271658489886 2.1848903256444063 -2.937561307179587
-35.80738376446886 2.054941326670064 -2.5688290000000005
-35.81051276030469 2.052258904246334 -2.034168
-35.81230292124934 2.0491297949813427 -1.4687800000000009
-35.45523240713556 1.1353720940778005 -1.2598320000000012
-35.36874742459793 0.12777831193865707 -1.5548170000000008
-35.34891063391356 -0.9187083299910672 -1.5548170000000008
-35.38944415854136 -1.9539967117385149 -1.6408550000000006
-35.462181875885385 -2.9986677357841627 -1.6777280000000006
-35.57605598999168 -4.03483129919706 -1.6961650000000006
-35.7091641897243 -5.070541025503588 -1.7023100000000004
-35.8704443189579 -6.1035588394431155 -1.7207470000000005
-36.021877311150824 -7.102593806237323 -1.6961650000000004
-36.18315637937208 -8.133376446833626 -1.7637660000000006
-36.421800150633636 -9.145802978705971 -1.8129300000000004
-36.717681049741316 -10.14211320827517 -1.8989670000000005
-37.06856451739629 -11.124544264446762 -1.9481310000000003
-37.479818080867815 -12.08683502431717 -2.0157320000000007
-37.93221017048901 -13.0272014673856 -2.040314000000001
-38.41410639080599 -13.91747277819664 -2.1202060000000005
-38.64899913522509 -14.302011981164645 -1.5978360000000005
-38.393457551598715 -15.272087585971676 -1.438053000000001
-38.454564216853676 -16.3154197159583 -1.6408550000000006
-38.711985941399455 -17.319342690959807 -1.8620940000000006
-38.98952753906798 -18.28972135600382 -1.8436570000000005
-39.254099189360325 -19.270387706942095 -1.8067840000000006
-39.29395475927191 -19.452394491329443 -1.2905600000000008
-38.93286984164924 -20.42562868014601 -1.1737950000000008
-38.639773299037614 -21.419419155406317 -1.2782690000000008
-38.34175289942332 -22.416338794806975 -1.4441980000000005
-38.146641587963266 -23.58540875684532 -1.4257620000000006
-37.99843985983135 -24.586759838026502 -1.4995080000000007
-37.95981629913172 -25.60150081413562 -1.5056530000000006
-37.93729418287812 -26.642173074878386 -1.5486720000000007
-37.97737442466205 -27.671645568072616 -1.6101270000000005
-37.991958298200004 -28.662667375417758 -1.2967060000000006
-37.99151133023912 -28.663561925383913 -0.7251720000000011
-37.989277217908246 -28.66579815973948 -0.1966560000000013
-36.968784157758535 -28.85346045269224 -0.23353000000000138
-35.98589157161399 -29.13592483653221 -0.3195670000000013
-35.014196169299915 -29.512296531984575 -0.4301870000000014
-34.71237172289312 -29.66219776469208 -0.9525560000000011
-34.7078990791288 -29.67337754437495 -1.4564890000000006
-34.70655376350629 -29.66488130238947 -2.003441
-35.19337935924866 -30.590033026886637 -2.0526050000000007
-35.536106875618366 -31.186073761675 -1.5978360000000005
-35.53700125850809 -31.18428376719273 -1.050884000000001
-35.53700125850809 -31.18428376719273 -0.4977870000000013
-35.52761018605088 -31.187417735779583 0.006145999999998704
-35.52761018605088 -31.187417735779583 0.534660999999999
-35.519112829405785 -31.179818332247326 1.0693219999999992
-35.51910941828235 -31.182053506818637 1.6408559999999992
-35.516878323140176 -31.188762770896506 2.1841199999999987
-35.50391553216372 -31.199054032534452 2.7433629999999987
-35.49675683535663 -31.20665594650556 2.2394299999999987
-35.49631377913441 -31.21202397316197 1.726892999999999
-35.49721189932368 -31.230357695782477 1.210668999999999
-34.982674236973295 -30.353960759443122 1.0201579999999992
-34.45873679886381 -29.43597598563079 0.9894299999999991
-33.861918293881345 -28.57659665604897 0.9464109999999991
-33.74246776730402 -28.412948381687762 1.4872169999999991
-33.74246776730402 -28.412948381687762 2.0157329999999987
-33.74023186648726 -28.415185958175304 2.5282689999999985
-33.73083900431607 -28.418316796758337 3.0752209999999987
-33.72055304835389 -28.416532108565885 -2.6487210000000014
-33.71026418863217 -28.40580180728275 -2.101769000000001
-33.70713513976312 -28.396412075115375 -1.5302360000000008
-33.706688618770194 -28.39730573053156 -0.9955750000000012
-33.55689567675606 -28.497969033376997 -0.6022610000000017
-32.744039025462094 -29.151570444369327 -0.7374630000000016
-32.40648779137065 -29.47813175928483 -1.290560000000001
-32.4055905577546 -29.477683450420066 -1.8559480000000008
-32.79658185020192 -29.943570875916155 -2.249262000000001
-33.36921641792101 -30.667901913400513 -1.8928210000000008
-33.371008254536434 -30.675504499969804 -1.376597000000001
-33.36698135064424 -30.68131759390015 -1.0017200000000013
-33.36341024616937 -30.690710954844434 -1.5056530000000008
-33.48756205315525 -31.70182594476356 -1.7207470000000007
-33.496525921115115 -31.766670351424413 -2.2492620000000008
-34.21718732370117 -32.48783024412 -2.390609000000001
-34.37330356558741 -32.63849701891894 -1.8866760000000005
-34.37285704459449 -32.639390674335125 -1.3335790000000012
-33.90800243573174 -33.54736106626598 -1.1307760000000013
-33.80475680153952 -33.76518289488112 -1.6347100000000008
-33.94226077605913 -34.51467693822457 -1.3335790000000014
-33.945386140661874 -34.510650263032815 -0.8173550000000019
-33.95567053499647 -34.503491126620474 -0.2642570000000019
-33.950302954693974 -34.5030449397804 0.2765489999999986
-33.94180621209327 -34.497681604141334 0.8112099999999992
-33.93464584759215 -34.48292507402036 1.3643069999999993
-33.99026938281532 -33.46997096729623 1.560963999999999
-33.96767352488386 -32.6135631046488 1.0816129999999993
-33.615650392828194 -32.36500900489841 0.6022619999999991
-32.72195991571589 -31.802212035175945 0.516224999999999
-32.4567243156407 -31.66409586504098 0.012290999999998333
-32.43257906255956 -31.669917614146517 -0.540806000000002
-32.422741969724655 -31.680653889411122 -1.0570300000000017
-32.241898745912074 -32.68916979925245 -1.456489000000001
-32.19913478917541 -33.30946592853928 -1.1430670000000016
-32.03953808654826 -33.5259606964011 -1.1430670000000016
-31.908793959150923 -34.57515928730423 -1.4872170000000011
-31.875986834518347 -35.62075461656615 -1.585545000000001
-31.728683234552445 -36.62255445358006 -1.4872170000000011
-31.694088124033136 -37.67619833000708 -1.610127000000001
-31.865171687703654 -38.57102578725613 -1.665437000000001
-31.799258671965713 -39.588902963727506 -1.603982000000001
-31.84515659999359 -40.600040337293905 -1.6347100000000008
-31.915181640890676 -41.536040540101766 -2.0341680000000006
-31.91338985730847 -41.535145263276114 -2.544247000000001
-32.713497730634124 -41.69234339635761 -3.0113073071795884
-32.71573245700938 -41.69234322989523 2.767944999999998
-33.631928297351784 -41.16974658223924 2.651179999999998
-34.380454106630935 -40.76347196471188 3.0936579999999982
-34.379114824157746 -40.76391731003521 -2.6425750000000017
-34.379114824157746 -40.76391731003521 -2.101769000000001
-34.37911421072741 -40.76168347820992 -1.5671090000000014
-34.37687981789095 -40.766155333490715 -1.020157000000002
-34.37240533260752 -40.77062914556191 -0.4793510000000022
-33.51118292022072 -41.17648704976565 -0.6882990000000022
-32.83611583116306 -41.986129514858256 -0.9464100000000021
-32.36450021141766 -42.70180214617593 -1.4196160000000013
-32.36360672246386 -42.70359035155827 -1.9604220000000008
-32.53761709490505 -42.86319916799669 -2.445919000000001
-33.352607931099115 -43.485046815685976 -2.531956000000001
-33.54584652984242 -43.61960773122881 -3.0850533071795874
-33.54942232656271 -43.61915864124324 2.6941989999999985
-33.959829285244965 -43.14007837210122 2.2885939999999985
-34.60673633911731 -42.36667017867733 2.2025569999999988
-35.16551941453691 -41.52128211001973 2.110373999999999
-35.731461466655134 -40.66605427039791 2.1226649999999987
-35.989835791559685 -40.26304161767455 2.638888999999999
-35.98715678148748 -40.263939911074864 -3.1403633071795873
-35.98313384972988 -40.26304658858344 -2.593411000000001
-35.98984255402467 -40.26975339771186 -2.077187000000001
-35.99207822736908 -40.276458751893195 -1.4995080000000014
-35.98894928518051 -40.280485875281 -0.9525560000000017
-35.979111578301215 -40.28898608265242 -0.4301870000000018
-35.97508970755596 -40.290327933504216 0.11676499999999862
-35.97330150217362 -40.28943444455041 0.6575719999999992
-35.248619678268824 -39.58303728281559 0.6944449999999992
-34.44434825702134 -38.91288627970245 0.7251719999999992
-33.60834829605144 -38.353201279649454 0.460914999999999
-32.64136736160464 -37.96394465938411 0.16592999999999863
-31.61138743745956 -37.80591209351838 0.15978399999999862
-30.56754877782072 -37.651016959168075 0.13520199999999866
-29.691422972638396 -37.51620038191353 0.6022619999999992
-29.692763762477846 -37.51798707931556 1.1307769999999993
-29.69186994059928 -37.51530583194737 1.6838739999999992
-29.69321173841785 -37.51262039294898 2.2701569999999984
-29.695449875916555 -37.51038505191529 2.8601279999999987
-29.832302565408682 -37.53628720209187 -2.9437063071795877
-30.866307815864882 -37.71533278299802 -2.986725307179588
-31.874805137912265 -37.826859243639674 -3.0666163071795878
-32.919496593113095 -37.830150965281916 3.0690759999999986
-33.9507301054322 -37.69033579057255 2.9338739999999985
-34.960027475006335 -37.446774870511994 2.8539829999999986
-35.94156509525734 -37.10438691798301 2.7925269999999984
-36.20315997698382 -37.0081659438687 -2.9990163071795877
-36.20137177160148 -37.00727245491489 -2.433628000000001
-36.20137177160148 -37.00727245491489 -1.923549000000001
-36.591610365698365 -37.97135739292102 -1.954277000000001
-36.99793929166046 -38.932306522663325 -2.0034410000000005
-37.4319973714069 -39.893696145769816 -2.0341680000000006
-37.899151912097324 -40.84032086715012 -2.0648960000000005
-38.19089064140749 -41.406413186317664 -1.634710000000001
-38.19089047433107 -41.40417622387451 -1.1061940000000015
-38.19089047433107 -41.40417622387451 -0.5346610000000017
-37.255437607996384 -41.835545688334186 -0.5100780000000017
-36.365617562842885 -42.33219759786945 -0.5039330000000017
-35.521000123319126 -42.93974562301424 -0.7067350000000017
-34.69695241391313 -43.55757480703741 -0.5653880000000018
-33.90557144315219 -44.23084861398558 -0.7251720000000016
-33.12000255711438 -44.91261698909059 -0.7128810000000015
-32.39705100101441 -45.61002109255904 -1.0140110000000015
-31.85481830154079 -46.46479654940754 -1.0017200000000015
-31.336734146093924 -47.333877104871135 -1.1061940000000015
-30.847734564041577 -48.245431388914405 -1.0693210000000015
-30.352022806789105 -49.16369616758048 -1.1369220000000015
-30.00972953322897 -50.14408284990817 -1.2352500000000015
-29.627628251680502 -51.112404354698825 -1.1615040000000014
-29.40339569675982 -52.08917956594998 -1.4503440000000012
-29.146076794701713 -53.09637841357324 -1.3212880000000014
-28.938395782805806 -54.09819080584582 -1.4810710000000014
-28.82731322051715 -55.094615474529 -1.4257620000000013
-28.809456160097668 -55.21089457581197 -1.9296950000000008
-28.81795502472307 -55.220728258137484 -2.470501000000001
-28.82734749357357 -55.22430785991595 -2.974434307179588
-29.865305182088967 -55.12474140544066 3.007620999999998
