-0.012251277280450067 -0.05265634302605507 0.01662492018146396
0.47867488550950615 -0.1565933947603894 0.01864499829524822
1.1867690572351206 -0.32546807873440553 0.0053207991915941956
2.051775383922835 -0.18175043318819156 -0.00439982861233616
3.203100335924219 -0.23408247693949308 -0.02322802092533034
4.426651845615215 -0.34912454661643844 0.0014099467193251268
5.422665458572998 -0.3708871176362485 0.042727865153777855
6.66575471063584 -0.33451873561300416 0.13557927060003452
7.780551675974202 0.009225667972250995 0.24619508832148665
8.960534991615368 0.5477926876066314 0.3934438621565276
10.17272940055618 1.2109577702052499 0.5016178189534692
11.27456875190978 2.0566692589293685 0.6125806555652792
12.551128747356639 3.1585451556726682 0.7126157169822912
13.747047559795242 4.475762151280024 0.8068209261862982
14.456510090772662 5.576322578258166 0.9836821591155758
14.519353290520003 6.716504244364747 1.3693749431424846
14.062752673389504 7.4895221878552585 2.119332070733866
12.804381367235818 8.15712125951101 2.6275770674162433
11.039366297293585 8.721767277194326 2.8146455775722314
9.144871790499783 9.256667999506409 2.8838099277468556
6.9318668409559 9.833252431769692 2.8850139200635336
4.649773169938188 10.429435870989755 2.893649012724823
2.545317945121614 10.955690896344553 2.8965376685915145
0.8676195821554282 11.289505398644414 2.902880447641262
-0.3350209495964187 11.643778776611661 2.9049796415462215
-1.044997244083554 11.8381742157523 2.8846234386302085
-1.878910039581597 12.220292242664758 2.8268137982586916
-2.9219517164392688 12.573993788588128 2.7581151613580324
-4.489635476472987 13.2729650970894 2.734684049892815
-6.269328238646086 13.952546056849464 2.7587740362142665
-8.34558931514017 14.343920165252287 2.836410291489835
-10.017953504094269 14.725774642802408 2.9822565105569137
-11.440497902291222 14.691560178482726 -3.038262617446799
-12.624610974492937 14.154298983524919 -2.6455489643294636
-13.4121664585713 13.03973965384242 -2.2512604449614853
-14.006435782594483 11.595618727747944 -1.950111899198244
-14.331955890746189 9.946284296711573 -1.740282592667166
-14.495232321173848 7.992542514560178 -1.616477373720621
-14.518682246692508 6.061819522919564 -1.558441235864348
-14.457178644766653 4.236061233034948 -1.5336469877274834
-14.450785438441102 2.7152115310605973 -1.521176344070594
-14.454572256994362 1.0572733546403807 -1.4929898525862477
-14.282127177999866 -0.3977178365011933 -1.459530572224497
-14.032349202439743 -1.9327574863300228 -1.418013476077635
-13.880116831537205 -3.6540843731071435 -1.3824743211165254
-13.359387233708329 -5.3474954998712985 -1.3355015843154585
-12.930463433542759 -7.057973953879143 -1.2559940057887493
-12.132877308683453 -8.626229725375644 -1.1332069636926854
-11.2511895250751 -9.55044753537164 -0.9554396454250463
-10.33097646902699 -10.729641590136715 -0.749941116796582
-8.795739394796886 -11.822999829463544 -0.5533022070427447
-6.96933932596777 -12.737101747732845 -0.41570941220380114
-4.551852718601948 -13.59466529321826 -0.3511097719293239
-1.678245210081435 -14.482070275055905 -0.30643734305018044
1.251947203453657 -15.196904029637688 -0.22805093574517551
3.947724658337161 -15.580297539331978 -0.13567097276266885
6.395121416074792 -15.544648503056324 -0.014753344649135067
8.69350806165295 -15.296154640896278 0.11140462854409412
10.579212311572483 -14.575436064653251 0.28091586461624507
12.174490615451907 -13.968551241151099 0.4410433778748245
13.033331970545115 -13.087352926113976 0.6543511772812685
13.801259986712186 -12.079419332317787 0.9233843091721263
14.320025794590514 -10.763190622817515 1.1840042132370487
14.57394593351598 -9.077995534405527 1.3737918821582429
14.62134005340734 -7.056716204168194 1.5137391912876281
14.38232739254522 -4.92956334597169 1.676301469724591
13.760415820976263 -2.9109874337644954 1.9112895197368387
12.45038034585085 -1.4459328804338265 2.2767806273704645
10.430335318216144 -0.8574749909517472 2.716968690643435
7.936770267338108 -0.5241902701951491 2.97917400492273
5.10076106766281 -0.3709294503245004 3.1113037082101083
2.4019495959261827 -0.27668132740619167 3.1237893174150106
-0.5115297773539531 -0.12251462026614376 3.091413994911096
-3.0079419603801 -0.028243403974378675 3.0474230055227345
-4.766222261462241 0.04031495715751335 3.019791752779657
-5.421396646430211 0.210864772194205 3.0047901700044437
