0.04167820530435455 0.08572476914656796 0.027124862035415274
0.9499056992230283 0.17738848916985303 0.0928651209879838
2.0017648142448734 0.2033966362853387 0.08066887590018171
2.6562448652520136 0.16005344681365546 0.06708611491027336
3.8500872879400667 0.33144947634649913 0.05403683372174773
4.752853724716012 0.3675419410543945 0.14398897173297776
5.9272892755799695 0.4799981546410817 0.24460938213663433
6.9358772043313985 0.9471593817765933 0.30999623547386834
7.444033182499534 1.6565175356612283 0.40405071213391086
8.109713912957865 2.9044810458638013 0.5311560059684995
9.926350639685667 3.880811346217504 0.5936040264826954
11.220428450837828 4.59547070893562 0.6940265953661414
12.510672952609326 6.36767635867757 0.7064488446102554
13.973210405716673 7.249121963212452 0.7991659412557632
14.75151308010506 9.597802758058904 0.9119730128096624
15.133001996199951 10.58199689986021 1.263033124025363
14.9310908082844 10.57252458883851 1.992248915529409
13.531773555848073 11.487840626099699 2.4893321732814444
12.228549824445116 12.45238884865849 2.719070789111288
10.266255234914006 12.851518519638441 2.7963642938550994
8.27145927233448 13.189137459740332 2.789343063624602
5.5979508166838325 13.858791500144795 2.8124051118536566
3.4289633526414307 15.064886857622112 2.8344150075500782
1.609575170122654 15.345199644232443 2.7882176529106437
0.623369028101587 15.725558309039723 2.788704917908948
-0.30082229197468124 15.97871842841215 2.787284104081145
-1.004275302551017 15.904772232605467 2.6864607946199417
-1.7991426809853674 16.888931293960884 2.6247380680518884
-3.1766976307902555 17.559077925830238 2.603822790233325
-4.6901761597968985 18.701375386514968 2.6289949797840704
-6.28147714004861 19.35970511497838 2.689676347135267
-8.49622909198158 19.83734677932651 2.790885041308527
-10.022223214256249 19.70298096123645 3.096767286840042
-10.882365749636701 18.98227683033124 -2.7461396466928907
-12.046710042786932 17.967132367008926 -2.282346083054374
-12.378821733490954 16.515720245105896 -1.9993607986164377
-12.33319023249717 15.24151071513257 -1.8365512075182593
-12.329120799805663 13.594738590068015 -1.6942388918378462
-12.079504384274857 11.498904551558926 -1.6358011763622526
-12.470258651137536 9.561939923047156 -1.5438885050496718
-12.779358520495466 8.112925412765284 -1.5096157260449046
-13.394827198581932 6.684063345387031 -1.4731038199906814
-12.901091886976602 4.9852934443096455 -1.398950076604338
-12.62619809430866 3.402443370787501 -1.265508833495186
-11.830009496075114 1.397308578860534 -1.2366759816656792
-11.526215226719742 -0.16972111466176476 -1.2114031521477056
-10.827771638648937 -1.5544352891055244 -1.1792973236767572
-9.813701963072672 -2.856159034144841 -1.0884650431604461
-9.177963261312946 -3.8505098069266137 -0.9118312504173115
-7.953311128059545 -4.717484396444701 -0.7006360155071149
-7.050946840556383 -5.093125331412191 -0.5271989733462349
-4.917922896674352 -6.029780808132097 -0.39048086899946854
-2.3097120955897092 -6.730348136551477 -0.29305323446654286
0.5404264720340537 -7.268053182666543 -0.21200514126343487
3.848257911714085 -7.827102922734602 -0.18047033749763172
6.569774723675257 -8.025581032256406 -0.052771297728123716
8.730341379670875 -8.322748732511 0.11663375363093237
10.821572391815963 -7.844974908496223 0.26136609081258666
12.716521513920526 -7.062192857831638 0.4010984476515394
14.38074628649813 -6.666645191983817 0.5189942121681627
14.79069018335335 -5.50570195963173 0.7386616394918868
15.264583225785985 -4.2449221320760255 1.038632717817761
16.1057992299602 -3.2374308986797944 1.3219560419001777
15.838748606539472 -1.3625885537188454 1.50712759817197
15.563004514757264 0.6409635634006972 1.6672524449993094
14.507483558637222 2.742605278762496 1.8120663393018168
13.59085428397268 4.245065542643288 2.0304111992486673
12.241339653573146 5.3493259255668475 2.361915588873229
10.246512494157765 5.742679222224814 2.7593464963783356
7.77562169812282 6.158274911339241 3.028664193877302
5.1835353561906246 6.598144817075833 -3.1258231800858045
2.5080911945658526 6.6996413745091985 3.1393994921395185
-0.4526144466254305 6.664474932623234 3.0894081569247733
-2.953214645766905 6.542860471372926 3.0764942905358814
-4.96946185180623 7.057468729587352 3.0514741228140903
-6.523555896047217 6.651243373590589 3.0616119506658
