0.0 0.0 0.0
0.46536005452763385 -0.003590758664325483 -0.007715933866135394
1.1727034748030598 -0.016158413989464625 -0.017765533346874973
2.0661838939684882 -0.04308910397190547 -0.030132209210115727
3.091986189525551 -0.08269992480781121 -0.038595303397912895
4.2044202164135624 -0.10503180549204505 -0.020072095040507054
5.359827073931257 -0.07305663321914495 0.027667321564073803
6.514547861377368 0.05025370481635143 0.10638484220427202
7.6390769297465955 0.3004426149719613 0.2189177002212085
8.7605216368175 0.707114677813423 0.34788390866644575
9.920142592064604 1.2983897674585316 0.4715255048184026
11.159200404962432 2.1023877580250803 0.5755864246349333
12.472749020913502 3.1233041778678126 0.6606956145328541
13.671015729032314 4.269637172289272 0.7632514308075818
14.518021154361362 5.425960540828953 0.9385904263561472
14.777785921943142 6.4768480830263435 1.328467811449964
14.280189676068414 7.3379908623530765 2.0947566658871644
13.118548138020987 8.04954899800933 2.591999654421977
11.452036048332944 8.682799873127424 2.778458080523475
9.43982814753636 9.309020870839671 2.8398826426755104
7.245632509869298 9.977170514361122 2.846005428741974
5.051290544393764 10.646931887237745 2.8453519750340646
3.0431769938777444 11.255669213098242 2.8472586311330828
1.4076666010892314 11.740746715571317 2.8532663991606895
0.25619765927650673 12.069510673247743 2.8634754004618643
-0.5995373363909783 12.329235584566593 2.8469179570037824
-1.4227823402634816 12.637178002929005 2.783646995143993
-2.476781306691259 13.110594481736124 2.71943567346016
-3.9472530561586305 13.815096744481005 2.6948048208204
-5.709815873686173 14.609717195024347 2.718046706635742
-7.56256291042853 15.301843407318753 2.784078401520097
-9.303587317540337 15.698862955316836 2.9173885832033344
-10.768617135380053 15.646212902200283 -3.1056702418823523
-11.943919961121383 15.141528268067125 -2.7359941803297665
-12.853398281141848 14.220493562244474 -2.349881378998595
-13.52095458181897 12.91879329405944 -2.0446584304498097
-13.973981131078318 11.290878178679447 -1.8422152531347993
-14.253829323037664 9.466263754633147 -1.7229842673123814
-14.405340333362819 7.593231766289499 -1.6515113605312555
-14.473355337719608 5.820063958017464 -1.6091354371569735
-14.493094217789125 4.2527529783370595 -1.5833897666548065
-14.46129167931359 2.828135092372527 -1.5484764770095576
-14.365061134050501 1.4407574693991627 -1.5015457741820633
-14.19151599375736 -0.01483272130773794 -1.4521298435249337
-13.928323359823949 -1.6078844692192935 -1.4070624974811203
-13.56536509216921 -3.262831398792285 -1.3548974272592895
-13.093076740344372 -4.867903293229908 -1.2846253981317775
-12.501893853900661 -6.3113299357353565 -1.1820680794064284
-11.765006866001244 -7.516762173678716 -1.0221056268613429
-10.78662574425703 -8.549535111097619 -0.8124366490188496
-9.453715339890866 -9.510404916196586 -0.6246030364602964
-7.653240504125603 -10.500127757180142 -0.5026136333367088
-5.3264617690192875 -11.579206761446518 -0.4342419205856238
-2.631822389970779 -12.647132893168799 -0.3773256624159274
0.21793869678586164 -13.563144075713781 -0.31100354348690135
3.010082555016567 -14.186478232448264 -0.21964406424063107
5.562715481752037 -14.412109946000584 -0.08816262718158865
7.817324707081995 -14.277960436045241 0.059430049188428244
9.746242694360923 -13.857687581518272 0.2145273794937463
11.321801906943302 -13.224949261355722 0.38188150482985644
12.530185376825514 -12.43036461146956 0.5816714710403034
13.412978410571533 -11.432397795675499 0.8465596853434263
14.025616883387228 -10.166474234765182 1.1200743141774616
14.423536670478473 -8.568019349530251 1.3268153071721105
14.62813041952412 -6.626967070893122 1.4657805629564196
14.524617868094941 -4.55128537029928 1.6206242313028114
13.964175526234692 -2.6034507293249836 1.8509547270988946
12.79797990398713 -1.0459396295464884 2.2135007347477926
10.93584089042464 -0.06342387055891241 2.656088102526
8.522101890734143 0.47064347596718237 2.9238394707497455
5.759739689131189 0.760614020342377 3.037003741066258
2.851731069831329 1.010839372877247 3.0557571038237366
0.023136924555895888 1.3716772164570115 3.0147100595045835
-2.412645424950656 1.7775095242654564 2.9764964711832573
-4.120134549438093 2.10872434206101 2.949994413397563
-4.763849019656179 2.245709715602099 2.9319158788568416
