1.036009105498475 -0.054222701198374024 -0.11676400000000031
2.0654927946174118 -0.24398466218915493 -0.26425700000000013
3.047822221832347 -0.5842300095894941 -0.38716800000000035
3.4112094883472714 -0.7332561902988268 0.11676599999999973
3.4112094883472714 -0.7332561902988268 0.6206983071795863
3.410766271460271 -0.7345999029880133 1.173796307179586
3.83299955283002 0.21635940008900845 0.9771393071795861
4.430109126653765 1.067504113312927 0.897247307179586
5.1389662058824515 1.8350905053427606 0.7743373071795859
5.8924543135540866 2.525514398034355 0.7374633071795863
6.654331867735823 3.239236170463258 0.6821533071795862
7.074052963837997 3.5748090380908297 1.093904307179586
7.604695100706599 4.486465566934629 0.9894303071795862
8.27380485511621 5.241793893263592 0.669862307179586
9.183785224064753 5.746901375023933 0.43633300000000036
10.035644739306036 6.3447631686643104 0.7005903071795859
10.874025722274341 6.955976710233943 0.49778830717958616
11.815559812599446 7.407566693245832 0.3871689999999997
12.776538026581589 7.7165815800339805 0.2519669999999996
13.793866339615086 7.929709667121111 0.2519669999999996
14.784443380459237 8.12482394172305 0.2704039999999997
15.787264537371549 8.379921427498697 0.32571399999999967
16.78952105748249 8.6605059529079 0.208948
17.48298586228676 8.793866076253568 0.5776803071795864
17.486101631814602 8.796563850382245 1.1123413071795862
17.48787638643777 8.799701723392353 1.677729307179586
17.12631757615426 9.71169279501333 1.886677307179586
17.03487966930929 10.718849183664966 1.5916923071795859
17.009897926811476 11.76522564677171 1.5916923071795859
17.045340827691216 12.800700803778012 1.505654307179586
17.112941401028145 13.845716825898974 1.468781307179586
17.221719701991695 14.882427742812405 1.450344307179586
17.349734087455467 15.918779395060005 1.444199307179586
17.50593329706137 16.95257767853725 1.425762307179586
17.6524525698604 17.952345110843606 1.450344307179586
17.808661707995544 18.983908242776923 1.3827433071795858
18.04232486434997 19.997495861763802 1.333579307179586
18.33330369469788 20.995248787237017 1.247542307179586
18.67935266760539 21.97939313455283 1.1983783071795862
19.08587002911435 22.943694246649972 1.130777307179586
19.533633213379872 23.88627357000552 1.1061953071795858
20.011146471152635 24.77890342759502 1.0263033071795862
20.244145738054176 25.16459286434867 1.5486733071795862
19.98383773659782 26.13340033974396 1.708456307179586
20.039813981278677 27.17702029836512 1.505654307179586
20.29229667282849 28.182196787580704 1.2844153071795859
20.565063919405333 29.153928294327233 1.3028523071795859
20.824810794586078 30.13588359414227 1.3397253071795858
20.86377102207018 30.31808413390653 1.8559493071795858
20.497905432689087 31.289531237213154 1.9727143071795858
20.19992632883045 32.2818686524468 1.868240307179586
19.897008042528295 33.27731098519781 1.702311307179586
19.69615120045567 34.44540752615348 1.7207473071795858
19.54302798704367 35.44601785066467 1.647001307179586
19.499415783413934 36.46055666398358 1.640856307179586
19.471777334986616 37.50110561341774 1.597837307179586
19.506795553095316 38.530762723540086 1.536382307179586
19.516506759066367 39.52184425625048 1.8498033071795859
19.516055398333275 39.522736597826686 2.4213373071795856
19.51381031826011 39.52496182084136 2.949853307179586
18.49240692575217 39.70760445492026 2.9129793071795858
17.50813744562054 39.985232901801005 2.826942307179586
16.534603306121628 40.35682257771533 2.7163223071795857
16.23204549831692 40.50523803833992 2.193953307179586
16.227517941729733 40.516395692544535 1.690020307179586
16.226214415278033 40.507892938826494 1.1430683071795864
16.708485494675987 41.43542702444617 1.093904307179586
17.048278354583687 42.03314562074358 1.5486733071795862
17.049181527410603 42.0313600452496 2.095625307179586
17.049181527410603 42.0313600452496 2.648722307179586
17.0397751598848 42.034447803492974 -3.1305300000000003
17.0397751598848 42.034447803492974 -2.602015
17.031315269428973 42.02680671342183 -2.0673540000000004
17.031300868811957 42.02904184420597 -1.4958200000000004
17.029036813641994 42.03574005771312 -0.9525560000000006
17.0160235809785 42.04596746166749 -0.39331300000000047
17.008827594869523 42.05353408706586 -0.8972460000000007
17.008358151381202 42.05889987049527 -1.4097830000000007
17.00916612051518 42.077237787249324 -1.9260070000000007
16.498943600018674 41.19832165041931 -2.1165180000000006
15.979525889542094 40.27777196352171 -2.1472460000000004
15.386939851578498 39.415468682991815 -2.1902650000000006
15.26829536739981 39.25123509210684 -1.6494590000000007
15.26829536739981 39.25123509210684 -1.1209430000000007
15.266048492263602 39.25346164844394 -0.6084070000000005
15.25664035043454 39.25654626792196 -0.06145500000000025
15.24636329345406 39.254711029021976 0.4977883071795859
15.236127315052643 39.24393027087768 1.044740307179586
15.233044469877882 39.234525267813964 1.6162733071795856
15.232593560505524 39.235416717048594 2.1509343071795857
15.082307504401001 39.33534232616631 2.544248307179586
14.266247159098643 39.98493931879251 2.409046307179586
13.927094422500913 40.30983707085348 1.8559493071795858
13.926199403899982 40.309384356038194 1.2905613071795858
14.314895372691876 40.7771885114814 0.8972473071795857
14.883961748691501 41.504326228641396 1.253688307179586
14.885716184515557 41.51193753312481 1.7699123071795857
14.881660748441416 41.51773075798222 2.144789307179586
14.878043503413746 41.52710644757871 1.6408563071795859
14.997222527695921 42.53881962540539 1.4257623071795857
